0.00014861525741736485
-0.00013697384293368081
0.00014917929275815796
-0.0001390570366942456
0.00015618307042018984
-0.00012045163488925505
0.00017862364146482666
-0.00011234156957888071
0.00018935491241284363
-0.00010068481983979303
0.00020633992762224152
-8.901182479857954e-05
0.00022402503983874744
-8.012047469586044e-05
0.00022552468066073262
-0.00023127908034938045
0.00017458744871305838
4.9005725549271273e-05
0.00043827133720716335
0.00016219658170960987
0.0004694667707088876
4.1848266167367264e-05
0.00025965007735397137
-1.7132212362307025e-05
0.00028362380604774455
-2.228522413289005e-05
3.780949817700214e-05
-0.000700642647887433
-0.0005085720592421054
-0.0007899974247614031
-0.00031434814515051584
-5.3275916484818674e-05
0.0005218420894672741
5.880336601111031e-05
-0.0003091601043262072
-0.0020484028680025634
-0.0026705940668826245
-0.0017102397682672516
0.0012994470013960502
0.003101007441084156
0.0034283280118189894
0.001437553368431447
0.001299230332825385
0.0006255614697835444
0.0017028273409015655
0.0030088855412938537
0.003935222099806954
0.0025694317242287348
0.0014822999785074071
-0.0007095643974232123
-0.0029887096118360284
-0.003792176308966671
-0.0020767905169259008
-0.000387302911955884
0.0014578524446372107
0.00022510141212143505
-0.003097930708655318
-0.005839694301752129
-0.004918206162371697
-0.002648216598864958
0.0039220128684479055
0.009941348456889924
0.013431449278449123
0.01367192234784309
0.01091124140054254
0.0033585390458450554
-0.002170099349994288
-0.01682939334736483
-0.024620578286285204
-0.01853448786636641
-0.007189826064899884
-0.002539311113994001
0.0003900036208241925
0.004465546986486773
0.005447123381036562
0.0012420540335400623
-0.010883837376587012
-0.018106889828194795
-0.01335335758833746
-0.0004692911510542019
0.009177360361075557
0.010731015360426907
0.00815260902650172
0.0057085565690851315
0.011966208222562573
0.019466906247761186
0.02607864739949308
0.028264463450006484
0.02436076962844922
0.01268411310138114
-0.004652296318957821
-0.029476393968907378
-0.05069581785124414
-0.0522213659607673
-0.020161058907130696
0.0171432529716898
0.03435199832706304
0.010607982852396228
-0.023287901993776824
-0.04952906050261686
-0.040859936064377086
-0.00284594651636051
0.03402976433662434
0.048395955520014244
0.0475225236563741
0.046220808315116255
0.035261638432628466
0.014299045225449551
0.0012440820823418019
-0.0009346520620303335
0.004628158781854055
0.003971660757817204
-0.007884925560114393
-0.021580499441386212
-0.022022646609495076
-0.01337744284616144
-0.007513758163796791
-0.0062864362376732225
-0.011975388076838922
-0.0219395419173329
-0.040289317406870265
-0.0556260637381234
-0.06058397891789635
-0.06054511798658938
-0.04451925329698309
-0.013192432283810654
0.019036239222239213
0.02694338541253192
0.015852380740313324
0.00176892558334963
-0.003332449748962643
0.013383712487196414
0.054587061459134056
0.065019120662514
0.048304660407352394
0.033000637032705525
0.026881018168017856
0.026515024484129363
0.0269021428695903
0.02323835285415823
0.007977026160938858
-0.009998747233554777
-0.014834094610006251
-0.015724195818819377
-0.01894683390872812
-0.02368065492383683
-0.03032238889200843
-0.03530774101232048
-0.030162201306207483
-0.013044691039137815
-0.00015192331597790325
0.00024195412202758406
-7.585831927924298e-05
0.004918266186729969
0.020822004542488528
0.04038748627668905
0.05273188280921741
0.04862890811819764
0.032051574477642855
0.01976741529304472
0.010945358471276407
-0.013846403475991222
-0.03954269184075343
-0.04748910364270403
-0.047870238955034
-0.04144776815882057
-0.035546676683634836
-0.028680819506754673
-0.017255384281750462
-0.008003256805503652
-0.007545915729673524
-0.017907773541650126
-0.036761666508537974
-0.039238736235543324
-0.030210278880913603
-0.027182650249681962
-0.018051253056885663
0.00427001473501182
0.0211162981622865
0.037065622113748094
0.05617594494798211
0.061853126204117655
0.0566634008252381
0.04796345097462131
0.04050732200357435
0.03635396557699866
0.038201089345289145
0.03755278755056083
0.035375336184813054
0.013926921311938843
-0.007302629260519267
-0.012574909430988445
-0.020423810694791624
-0.03187851069885779
-0.037109827149210864
-0.038417757915954275
-0.03000075514515245
-0.023191088512693213
-0.017639573091273814
-0.0094170182609588
0.002694603810191361
0.01893657167973326
0.027890356796403185
0.028198088127375558
0.02795527991681785
0.022006440032761677
0.019125026865741
0.013497551587063394
0.0028659017110814642
-0.005941820906677613
-0.012788818817442689
-0.019907291410514328
-0.023440983470066238
-0.02502845348209047
-0.02659272698404707
-0.028192937650181906
-0.03667083610058533
-0.05210391184551666
-0.059635748958771
-0.0557637325082243
-0.03772776823627136
-0.0065619712773764315
0.01380472914492397
0.017334806189092215
0.014053040233746468
0.005425487504283995
0.0003801892509928222
-0.006768327276036532
-0.013460524303088155
-0.011597265600040272
-0.0027622009189535624
0.03456127034777338
0.06586300505172744
0.06433228710231442
0.05591998946669325
0.04357812944736928
0.030858987292262472
0.020812865349874237
0.011570696108291685
-0.0062556282517227954
-0.024901860174225538
-0.0341802318489245
-0.032149143103878924
-0.019558724153220883
-0.0036964200310964893
0.002221274956095086
0.0019150397806593769
-0.004578776161422925
-0.006293768890730495
-0.00011734798831267654
0.014529213467916979
0.020239109935580306
0.024887744768683547
0.025555389896932363
0.033611084756330144
0.027383770575285064
0.005329891936792414
-0.004382701754453903
-0.008215820484570834
-0.0385250078902987
-0.07750374184104387
-0.10918903219435498
-0.1417499036705863
-0.14837880017116623
-0.12580764710324382
-0.06939708436520368
-0.003854605514108628
0.054137266026019586
0.08709371738595854
0.0744607973171048
0.06261768162693118
0.04568599128291416
0.02613567053985133
0.01959431278886722
0.03154628555717126
0.03780971116666053
0.03770614010459728
0.029233701934526977
0.03346098513525811
0.0454939520618367
0.058250909562654773
0.05591030811858489
0.05049920903385954
0.032629822037459066
0.018226959843704312
0.014952421982856267
0.0213470627757974
0.020894130585895822
-0.0002947383809300677
-0.022738601664804618
-0.017613491539469884
-0.015738340268405693
-0.012973974600015101
-0.03832896059110438
-0.07680329630540393
-0.10475158628888753
-0.09674948737261765
-0.08694446972352005
-0.08319300541961866
-0.07949165177352614
-0.07436531986206014
-0.04853337257506433
0.026259436894068622
0.09827277004668344
0.16610986006579442
0.23603397765932105
0.2944328375837678
0.2874651713501801
0.2677518167049725
0.22463941818970404
0.1426450217539892
0.06209312682372394
-0.01097047576080874
-0.05403369496395633
-0.04926901949242627
-0.009893067573873525
0.05240788681342299
0.1068589834197232
0.1462454376647039
0.13186437593061956
0.09565396538337169
0.05213909386454244
0.021003529819520306
-0.013353870699787202
-0.03918589543756788
-0.058827569381381214
-0.06876969428238942
-0.07008219464543998
-0.046827170509839144
-0.03597492143586009
-0.04706076207699769
-0.08329177453302015
-0.17074284984035454
-0.27688849216875744
-0.37970615172221495
-0.4274907688345786
-0.3813711499698909
-0.3549017633607444
-0.3019959067260197
-0.16516240461451775
-0.003044466431861703
0.11830692584280975
0.22218287292068842
0.2720050265559378
0.21255883839312853
0.13894767618601353
0.17901416768482176
0.16318241402478809
0.04349955562612182
-0.1511878820501997
-0.3062103911845516
-0.4903959090495433
-0.45531147801269023
-0.3839450331779799
-0.2032759745729073
0.09792139519843858
0.22328325494668477
0.2956205453697016
0.6677696303854919
0.7187041709183919
0.5581231351303206
0.47660540955006897
0.48911545394873135
0.5715298659907794
0.5271468873497697
0.3487908964347467
0.16463939882700784
0.0005101528297612385
-0.08610827232470465
-0.13283663499574988
-0.23019380122643313
-0.26701816414532087
-0.2402676311871075
-0.33422530820571694
-0.4968045742433541
-0.621701903546665
-0.7382124746106645
-0.8633113695815914
-0.9291315637119837
-0.8936833076132183
-0.8474136278528511
-0.7892415051011022
-0.5509777193454634
-0.2497514797940583
-0.009068667865862984
0.061869332780851057
0.04715678168753642
0.04991916074329518
0.04262515562767083
0.036733939127555626
0.030719905045337746
0.0427076794389465
0.06895791905231219
0.12244661220585641
0.15133263756711593
0.14037579120817414
0.08704776970783626
0.06319499977732898
0.06826457962618378
0.124832483633681
0.2328917993172713
0.33655386605274
0.4321517570678681
0.529173580762774
0.6100047051351806
0.6404823634881509
0.6213909386454244
0.5879658906743446
0.5674667978166623
0.5123998706571892
0.40214306321726684
0.2809261952108307
0.23421446509583563
0.23976245844281321
0.2918825768650633
0.3519878712070898
0.3609667406967085
0.3556431609988827
0.35119748594752315
0.2597635427538013
0.12359286445919018
-8.175747448480706e-05
-0.072791616727046
-0.09936203788505141
-0.14236350751369423
-0.26804864683797486
-0.4135035443415424
-0.5400614184723994
-0.6654625651312693
-0.7906449133228902
-0.8566345310451788
-0.8274721806462105
-0.7822244639921618
-0.7279672847884722
-0.6847098596785405
-0.6494263801245795
-0.6132938463415153
-0.5829069990338014
-0.5598669395515986
-0.5450689989679682
-0.5276758762104105
-0.49919257556776264
-0.4143338167553155
-0.29130363224818323
-0.18404114960199974
-0.10756649633948226
-0.027580766646594
0.09360295242391911
0.2737424412874644
0.4441603076345174
0.5979942182989096
0.7612225219137313
0.871783130057294
0.944381042371388
1.0
0.9566637687164661
0.9014427144951078
0.8749620975221557
0.8398461052904693
0.7862948899908413
0.7509120798052886
0.7906183864290733
0.7568872142308072
0.6138102494496154
0.48231817944185085
0.3706657088586271
0.27457135831250223
0.18576822465374654
0.1582238405133438
0.16571244072594618
0.15692562982010116
0.1393778959332529
0.12228208737610294
0.1124832851524909
0.09702953004800012
0.030622646222241152
-0.049535934259773796
-0.11910519171973658
-0.18672367689856073
-0.2512912013972121
-0.29210156895927436
-0.2878179596752488
-0.2803416354120478
-0.2796809802171332
-0.2991689530783782
-0.3939112065476893
-0.5016218194351126
-0.5958436036301182
-0.6896738741076216
-0.7814333042247465
-0.8643284920138559
-0.8858646508809057
-0.8496128428891465
-0.828331884358233
-0.7866871782161922
-0.7562141669103138
-0.5746019513725247
-0.2902324878934741
-0.035791130723370965
0.054178508568961205
0.09071365089445974
0.15900111722757168
0.1751692977343709
0.1699316884077474
0.15869582559632261
0.1417957351725313
0.1461583442571211
0.20809263888377924
0.35374096972255187
0.5114104368805147
0.6274514625612586
0.7205320094412506
0.8051799084918976
0.8207498397736886
0.784594845263013
0.7515386566548619
0.6955618764001649
0.6262809875749578
0.5368898088321001
0.4511994222171449
0.38904206933007
0.3274913497154652
0.24483258044716205
0.11015867729549603
-0.06406876080680482
-0.15275327858853688
-0.1605298601819706
-0.18087457426271691
-0.21597073909347725
-0.2446056496475021
-0.27475782107706925
-0.34066611547524767
-0.4535345633808816
-0.5477410510458759
-0.6440236069992273
-0.6788255362982784
-0.6603008575738154
-0.6515392375357483
-0.5694067463506157
-0.3660296985034572
-0.3415655127145144
-0.362293085387554
-0.39593460830233684
-0.46041258033098587
-0.48372623471073095
-0.5008132332411023
-0.5331055634835039
-0.5608434003218079
-0.5630732084181257
-0.5571526767959384
-0.5390745018462331
-0.5078016175596418
-0.47048989557697923
-0.42709635071264396
-0.3783222998236058
-0.3031801292266345
-0.13697066745150127
-0.007681679210466698
0.023227122490352536
0.10166759284896902
0.22643821266823758
0.3342411856166147
0.4349579926305578
0.5345722877219206
0.6344783786452695
0.683854996640572
0.6504969435984022
0.5983228032537073
0.5744700914112887
0.5833829341068084
0.5799234011737665
0.575364260722577
0.5553900905593302
0.50960351006957
0.4486423845547644
0.3760950088777961
0.31264558327217945
0.23672541954122026
0.16148945604377515
0.11156998549734053
0.09963468401047908
0.09709056126647522
0.0940692061488178
0.12210544149851775
0.14408847203155342
0.13857020042326854
0.11323382198324351
0.07188331264751953
0.026103973806144553
-0.015735364221997183
-0.07615551730347346
-0.17878791457952933
-0.20620690589923263
-0.2085952944775654
-0.2890002459062419
-0.3787709334949473
-0.38109232714437014
-0.3652834601912646
-0.3519175846198231
-0.3259324590430568
-0.3046698950735492
-0.28837889698464725
-0.29687331181492355
-0.32375667286918364
-0.3537128938130376
-0.35939061722466725
-0.3565727640442476
-0.3394379396542209
-0.28155199755255517
-0.22121280184023062
-0.16622892128483105
-0.1149916837219749
-0.09695542900957872
-0.09430767711542294
-0.07890573658600811
-0.06016953976807361
0.014420910162898362
0.1303949796401249
0.23313789918618585
0.3334082024253713
0.4166114507112886
0.4480448517495163
0.4511818021635876
0.44802490817241314
0.42043461507928054
0.3062243323258277
0.1529134468116416
0.08353051657737236
0.07761834963995065
0.0732306852264564
0.07117053307438953
0.07798469185237104
0.07684167316930547
0.06589646379078992
0.055133089492445636
0.0508253349262378
0.055866161171210765
0.07474531277531334
0.11827761072073763
0.0999871625324083
0.013287894248698341
-0.060441759914184524
-0.13222580001820092
-0.17848099648179808
-0.20421041829232633
-0.22818240434343998
-0.21663449231978651
-0.20183771349792912
-0.21350567423812628
-0.21315075601647376
-0.2176171491527852
-0.21397967304151166
-0.15189622756589607
-0.07553835072426164
-0.015391560187973052
0.049392243691149494
0.08208830551236598
0.0925438323035606
0.12701334283396293
0.17078217547637073
0.2045455865638378
0.24237235626586529
0.25427266936066306
0.2501615816999285
0.2520116873234364
0.26806646051849425
0.2953910974195334
0.3289652381514821
0.34003101903933913
0.33448128304970204
0.32582073628588626
0.3134646253221468
0.29528227906679544
0.26080428767545016
0.21019232966152065
0.1681227866017887
0.1583970785563948
0.17185450095554902
0.1812267623442029
0.17791421163814217
0.1603298241673556
0.13468038965489865
0.10032800407391128
0.05203937597902632
-0.0010888319840761185
-0.13300621348921593
-0.28882501350548057
-0.3369523503408802
-0.3498157639454978
-0.369294636339521
-0.34429545925411015
-0.28546035778390066
-0.25227676263464327
-0.2420613913646247
-0.2627184838234354
-0.3046544049165758
-0.34890455546153887
-0.39038196790826724
-0.4304737858137269
-0.46527687687455094
-0.46073167756463745
-0.32562188139574055
-0.1362230737505736
-0.006717232993259844
0.015804434831941477
-0.06589222336031847
-0.2623906733764863
-0.43120937464300024
-0.42989290492722526
-0.39907911016793257
-0.3879641480316851
-0.35708936077930975
-0.31717955221828725
-0.26843648164319583
-0.14073473687063975
0.004572307084616918
0.13313495605636091
0.21548647806109703
0.23453356232948722
0.24243741492515347
0.23866614258302238
0.19809064452606895
0.09857114919538315
0.0021864859998025005
-0.024026550129052367
-0.020919456992547294
0.01258540594860753
0.1471156553207721
0.29124883581788996
0.41752033567170155
0.5416456742768516
0.5932565537886019
0.5845355954125899
0.539358165345808
0.4596208396826841
0.39021951488700896
0.3180334471214447
0.2679684852756376
0.29943577103224467
0.2709344630821152
0.12456148333743176
0.0022994421607219957
-0.12242930195543866
-0.2005346040425437
-0.2164875294555016
-0.20843865026517208
-0.19503908360231342
-0.015969253974677463
0.027230398658552403
-0.019970297624003545
-0.06977705791576065
-0.11386847307713903
-0.14534604042543714
-0.17857722908199516
-0.21372156830094274
-0.2502911181376184
-0.26151896479280945
-0.25257940157651065
-0.24214639360101614
-0.22486150831530988
-0.2177044749127226
-0.21787138135411077
-0.2857856510803416
-0.3164627452043442
-0.3051115581742526
-0.2960176742691066
-0.28092406531424685
-0.25069095781449374
-0.2053675330182377
-0.15226382835357055
-0.10164755245838472
-0.062050954871363924
0.016247435894953498
0.1388198243028945
0.19179011999062842
0.20754602996958116
0.21510464569170326
0.21559626454864586
0.1978106599387751
0.18217133275374325
0.021550100008325954
-0.09485815856886438
-0.0818102184693014
0.05618405791769692
0.1569201114516794
0.1609456353578323
0.19200144445713774
0.22648797479751456
0.2639125812991207
0.29672228278443313
0.3294888054571823
0.34556526487200284
0.34607779544085954
0.3299221425985125
0.31777321248429197
0.2355717901006279
0.09803776500270109
-0.024539952019238774
-0.14253810094548042
-0.20927260159122635
-0.21767639900320837
-0.21303419258524908
-0.21259117409581046
-0.14740888399227814
0.007591706569956453
0.15197993250164096
0.19962513820124422
0.1829200301283553
0.1707636647387875
0.1340420209233295
0.07678207479035039
-0.007689869630966372
-0.03150039596713763
0.016732531459540675
0.21074978168560013
0.3211446451495477
0.26673004722561605
0.19773843708188676
0.15215197005752654
0.13831581332037324
0.12070948791477315
0.15912821396553825
0.2684107292572276
0.3644206584478475
0.4215158280360223
0.47470941433652747
0.519510046334932
0.5282422350747497
0.5470008151695106
0.5701322665778563
0.5868473077139045
0.597921801815059
0.5841700277080182
0.5593495683086878
0.5294624721903275
0.4856261024635158
0.4329611177697271
0.3532075274417812
0.27016285963787884
0.21277279618632333
0.18143518240627968
0.10207149869204986
0.01654454291451176
-0.025349545073452384
-0.09959739145756567
-0.21114555519626993
-0.3150889619077677
-0.4105110396412479
-0.5063089473082948
-0.5953231343558126
-0.6606065945470774
-0.7030275511804467
-0.7285202833924217
-0.7295865870730767
-0.7272326640940097
-0.7141996332705336
-0.6938248489225627
-0.6652437666640203
-0.6289896351487152
-0.5870763684101483
-0.5453910006060523
-0.50452970915294
-0.46819018814731905
-0.44428132448587193
-0.43005864960684037
-0.4190513440615578
-0.41300476128699964
-0.40214267596334247
-0.38676617801675645
-0.3681539799053938
-0.3517710090094625
-0.33642878303518003
-0.33213491152215957
-0.3329506619137701
-0.33668378974435426
-0.3416034635990992
-0.3479122172804318
-0.3486460634670456
-0.35423781650747294
-0.36633117568355156
-0.38781834692917316
-0.41220275840970294
-0.43892734535498595
-0.4580998998948605
-0.4792031088745045
-0.49676391258129904
-0.5153569416234071
-0.5199122095353532
-0.5082010699825928
-0.4859525575217298
-0.4571364121311164
-0.4123499149009501
-0.3487928327043684
-0.2629076573654728
-0.18117012645776895
-0.11260513459978273
-0.0618499313592419
-0.021133472873830734
0.015683809107050535
0.04808574576392613
0.0797430957465965
0.11585599575569698
0.1539163763875792
0.1955957611185442
0.24341523108409796
0.28989325345575717
0.3350824947672313
0.39085848386216077
0.43724337166501753
0.4692162174198432
0.5042543716127382
0.5404153685592411
0.5693730552591987
0.5972731514917988
0.63132729346296
0.6551672259258756
0.6831035304004011
0.7467944088278403
0.7979686595399035
0.84280162724099
0.79090398619827
0.7032335702681927
0.6175321469163938
0.6256743543024877
0.6040268599321917
0.44748372081315574
0.3229571871423952
0.1987567212759242
0.2375161920547112
0.31235669184462594
0.2661654310039364
0.23312666882238015
0.24751276485748083
0.32335876946193
0.4498177002151195
0.5267263295879423
0.5009299902992892
0.46311212743752134
0.4152566428570045
0.25065900936573615
0.0505493003289722
-0.003799646437167082
0.006338835566174918
-0.0003153883091912782
0.0032182505029460335
0.011606139523716396
-0.012446120393372534
-0.055456485244657336
-0.09529929887676998
-0.121082394081211
-0.11841880350154997
-0.10836596270357453
-0.09248632509579693
-0.0786487936072122
-0.07298011257471579
-0.06902655981040047
-0.072233758086346
-0.07972818647050964
-0.08172339613946562
-0.0868110413838906
-0.09350131763147752
-0.09774442015501773
-0.1115092834447011
-0.12464311646468146
-0.13821477877151436
-0.15367637576797294
-0.178449628913927
-0.20042675382461655
-0.22130361288548706
-0.23957038049634333
-0.2548398027328509
-0.26529236703152437
-0.2607128957493072
-0.2493349881984366
-0.2273664603248673
-0.2017705249420571
-0.17193818652859771
-0.13945091266068615
-0.10429725998485835
-0.06342003303275974
-0.036429441366851445
-0.011707754953461758
0.02040582275000629
0.05030668574537666
0.07397295418592446
0.09806888085552136
0.12568655280110444
0.14756587673320332
0.16735455226669402
0.18108173574953962
0.1978538387513384
0.2165359361960434
0.2206332763424641
0.22643240385937258
0.23110733323393814
0.2217754817922886
0.21250094393144053
0.2078347277701725
0.2006987997064615
0.18640581887746702
0.1714180464201279
0.15091221534416221
0.10025957630548138
0.06946717732550822
0.09022063792338954
0.0956128583793036
0.10782130942169434
0.14137841098097226
0.12856284259870618
-0.033910877381853666
-0.22662312641710727
-0.29249230816892785
-0.3023891630861814
-0.3053140919766795
-0.3002197666020598
-0.2906234207300898
-0.2812094714564813
-0.259357894268061
-0.23252623161269956
-0.21445386547185918
-0.1991017645225062
-0.18242093727067304
-0.1603218080111219
-0.1268072075700397
-0.10334912683921409
-0.08312386123142874
-0.06108196810189424
-0.042103543954288544
-0.03272266616581825
-0.03235853130076657
-0.033348933212251936
-0.039289873116251685
-0.06626642682740284
-0.11529662682469206
-0.16308546500483095
-0.20355286112880644
-0.2092545942837448
-0.20414322973645432
-0.20397845319165
-0.20183597085526964
-0.19906245824918625
-0.2014136704507829
-0.20785873751348125
-0.21033135382035675
-0.20712256780332147
-0.19510394863463945
-0.1813664061093179
-0.16459418693134178
-0.1458874214116567
-0.12193018973506022
-0.10163940076327746
-0.08654794106769778
-0.06883757989532525
-0.05460179647095498
-0.043274715997653236
-0.03038336202239489
-0.01876088038307158
-0.007297680155366273
-7.726035274959966e-05
0.007511244885827861
0.01867840497853645
0.031129251806055486
0.04492217164255688
0.06399626687216942
0.07585920996326896
0.08137051100091584
0.10545176074678045
0.15134253190488267
0.16277029839851137
0.14590864292671024
0.11877393471286088
0.06749487372617662
0.04130796949213583
0.041706744220719245
0.05885456097990732
0.10879244545044407
0.14902501079470312
0.16612525340928672
0.17134516523156812
0.14485477009702646
0.10118726244392078
0.07048602303773595
0.0659375320694656
0.06922125172085962
0.0777945114501304
0.08918606970183383
0.09411387588898977
0.09017523240076133
0.08602110146633697
0.07683470259866745
0.05601511839320601
0.016448645288959195
-0.02801604005754593
-0.07451569056087921
-0.12423924934699306
-0.17379268748414678
-0.2159238813686328
-0.2439550630546202
-0.2605810357880714
-0.273453743486873
-0.27899302362055306
-0.2781393223443578
-0.2787006469076806
-0.27093794836743423
-0.25600640517990847
-0.23645879521431598
-0.21920856915483763
-0.20170391726707157
-0.17867648226280208
-0.15623502053413932
-0.13020396664194694
-0.0961175857815849
-0.0497215450657073
-0.0011178338177234503
0.04630269315741678
0.08940862453214884
0.11927825549852164
0.13919731942833574
0.15794176475485858
0.17758684653320603
0.19235367126401615
0.20204508797441023
0.21417484901937622
0.22596808640409555
0.24071374770794082
0.25435650983528146
0.2686322385019469
0.284832038291668
0.2895906145138898
0.2889435132063269
0.28685950621252104
0.27952123797334527
0.2720334897193764
0.2694499251631791
0.2708938014200601
0.27551025545205116
0.27768042644402147
0.2802843218312463
0.27196959282186123
0.2503782502705936
0.22234280879143856
0.1953140338885909
0.1707028465099708
0.15008093607018588
0.12245085263632788
0.09187525776589336
0.058997670667645115
0.026841924884356293
-0.0030262887326534442
-0.037540569689248085
-0.06925970603554603
-0.08986711381586462
-0.1096861113316307
-0.13614442247854128
-0.16054575695556453
-0.18436003384599298
-0.21569656331504847
-0.24492997480913217
-0.2773619100912563
-0.3105247871555618
-0.3330329533726912
-0.35224616957462085
-0.367886774697603
-0.3638719196370656
-0.3609750666560817
-0.35394602067548697
-0.34051566732564376
-0.3222403801284521
-0.3040739112839984
-0.2856690876491169
-0.26973746120199743
-0.2587166017693632
-0.24327949858361872
-0.2226326683538029
-0.19343465186840336
-0.1579723771775772
-0.12231246744646697
-0.08893063701334282
-0.06262678209415304
-0.040730496440168296
-0.03026401036291501
-0.027015608269420295
-0.029375843487453937
-0.035920880150719224
-0.041166273281221855
-0.046952989309855406
-0.04980573406885761
-0.05237657733364055
-0.05116571176303157
-0.04791965255577908
-0.04531049051518325
-0.04455044660058823
-0.04729263036419294
-0.04853840687608067
-0.04752327880152655
-0.045880876820335474
-0.039882255444306104
-0.025333106144364386
-0.004826434727382918
0.015034560476477226
0.04084841526012813
0.07729863280002013
0.10906367809904792
0.13598698439560308
0.15879050918082238
0.16869237903639603
0.1805757110466118
0.19842155300441275
0.2135527255899329
0.2232282648894293
0.236985654178373
0.26009445123214514
0.281854055613536
0.30498724966454127
0.327373043641581
0.3407917793736942
0.3409772740034504
0.33189946113616425
0.3203980195834309
0.30910995494300586
0.2951417058922621
0.280873335050159
0.2608312018231914
0.24304830799079105
0.23198833591179902
0.2246562637354126
0.2245735850225672
0.23248556995064446
0.24340109631585974
0.25587783687702936
0.2551511548880158
0.24489628371771507
0.23256398887032217
0.21899151333024816
0.1938273660730709
0.16112576652073646
0.12521799491535596
0.0836363918002854
0.0415609237555111
0.005924396416352184
-0.021773622973451805
-0.045344975477145236
-0.06961541812774344
-0.09074490228615353
-0.10142573341052594
-0.10209386260618017
-0.10033454866523252
-0.09977854884336933
-0.10205060634283201
-0.10566544746222821
-0.10816253821712164
-0.11343165065048977
-0.11515580193510784
-0.11564833083877261
-0.11723568467461956
-0.11463999907059057
-0.11146351003084476
-0.10880485693871898
-0.10564757569362017
-0.09954364061286805
-0.0976396098803966
-0.09851277066628972
-0.0956648665813417
-0.09608300400614184
-0.09508400505753624
-0.09227505871737626
-0.08750002420337026
-0.08242035638978655
-0.07767361077495318
-0.0767677270324538
-0.0753744648634833
-0.06677221917797609
-0.052765457724457204
-0.03871780225652861
-0.028030484628923602
-0.01327495028627746
0.0013127762814716423
0.011219586528984986
0.017729623182568925
0.018818861976892556
0.013305959644268544
0.003707034661162497
-0.0030923871687284707
-0.0069220845104239065
0.00020212253875927713
0.015886492002238326
0.04250847602026886
0.07619534636959126
0.10149640725171696
0.1196522072505552
0.12873879141922753
0.11747493014907338
0.09400410876413717
0.06959020789726927
0.03886674011582764
0.014371939967896647
0.0060353930724145475
0.005588250328681767
0.006593484065469148
0.006991327448364529
-6.766412305380699e-05
-0.006784051721634133
-0.012955403838073642
-0.010825584705019002
-0.002472931918823832
0.009688636227217367
0.02046619563681003
0.031734703954056184
0.026874357400519303
0.012382539107805682
-0.0015877608397214093
-0.0199900475741446
-0.04217154574340167
-0.059757520955277976
-0.07398455244095829
-0.08532290200345816
-0.09010690144581252
-0.09339137624235898
-0.09945995503981937
-0.1054035282705046
-0.11040777838232417
-0.11666692483594954
-0.12514067966936257
-0.131407067771373
-0.13837713497929158
-0.14418485953332028
-0.1492395301060882
-0.14749725533781124
-0.14536962418942911
-0.14018832158340383
-0.13319157258009862
-0.12382968959661693
-0.10702428275732538
-0.08308399343991851
-0.060047709683478
-0.0379200204470072
-0.01622777694948466
0.002045694026801844
0.006104754122802091
0.009638310643480481
0.014200777605880061
0.012813194515709921
0.0070336852826082315
0.0030936496165218006
0.00041024886873447346
2.0535436638481033e-05
0.004781635257146286
0.010297958978191794
0.017289753067535146
0.02203567770404893
0.020711850163711593
0.011202760345972654
-0.0014874705929051207
-0.01658419190755474
-0.03765920492896794
-0.05539456334215626
-0.06847967981845535
-0.08175398919948804
-0.08888157194112965
-0.09283009040442862
-0.09520833292994382
-0.094558288492556
-0.09262087647180693
-0.08842815568382266
-0.08503528851385497
-0.08339093090034601
-0.084992942297229
-0.08279051305336164
-0.07901335445158067
-0.07383940967011773
-0.0682363488150998
-0.05958877505774923
-0.05224183233066838
-0.04823737503799928
-0.0394973831316063
-0.03813223559754248
-0.0447059096885123
-0.04422344938688022
-0.04704258050525019
-0.05051957859027953
-0.048036932406763766
-0.044426118728180655
-0.039017924047887814
-0.03136683208863467
-0.02590664856899993
-0.016694152659369507
-0.004855908623564013
0.009239851526845408
0.02048344779913913
0.028940357086843626
0.039089353034231306
0.04375403954249821
0.04463043389865951
0.048026883167427294
0.04910888999471398
0.04795049733085232
0.04194349190736111
0.03921710810386924
0.03377198876189111
0.029046600200984783
0.023149342539649957
0.020166461099375164
0.016550950030689873
0.014076829242318331
0.01216904021051123
0.007833612478870456
0.007808754649467429
0.0077438392741312435
0.005959559072681752
0.009548663296266677
0.01609998315445429
0.023032508030678252
0.03146738257008812
0.037375270351645916
0.04222095934414675
0.04990417401642343
0.05551269515177449
0.0540971077940661
0.04824645614252493
0.04274266783101013
0.03751919327262482
0.03593747398137695
0.03913169925085728
0.04215985067488677
0.05158884476345561
0.061345320133137884
0.06927074277238955
0.07488212958678069
0.07992380779038719
0.07890730496440167
0.07829627635989055
0.07924318965567316
0.08013989548016581
0.08546291365980128
0.0952513955663298
0.10320669484584388
0.10877004281092131
0.1154894405536182
0.11681721808398374
0.1119118919871354
0.10294766069585656
0.09202981080709526
0.07396466695194372
0.046176758181223215
0.02150517855310316
0.004590546744453071
-0.010773177631438821
-0.010485428602962104
-0.004300352207444182
0.008147683156584186
0.023083741724867702
0.0357877035261406
0.044278536257616796
0.044795036179197875
0.03444486181811844
0.02844159339499706
0.016871915764526377
0.011005311187572246
0.010594223720464627
0.009565623081882904
0.0024870957311063646
-0.001435105536375729
-0.0068153050495975455
-0.0170538650846053
-0.024657270595615895
-0.025509597120379816
-0.02739614333816755
-0.024705173906056067
-0.02318175569311675
-0.01859255271978112
-0.013123015081604081
-0.01328994475822769
-0.013258327411575404
-0.013461759643106782
-0.021423622876638324
-0.03610091450014231
-0.05071955651680585
-0.06632900706157531
-0.08189688589756745
-0.09617865572545244
-0.10935770064109886
-0.11215138917664005
-0.11235061195801392
-0.10666278121895917
-0.09302038698284656
-0.0815806156175635
-0.06816441639865467
-0.057057063802020296
-0.04627920620690589
-0.036743833465322374
-0.030944880212679854
-0.02830134938629934
-0.026808775948433262
-0.021334922365269515
-0.013025911160077216
0.0005971130219940865
0.014234733966235327
0.02694386947993734
0.039944777590389904
0.05444395177139626
0.06597536677787308
0.07667157188304155
0.08525923745829758
0.09074283047765834
0.09322483769219896
0.094836414261013
0.09391192296744935
0.09408893673626263
0.09826521859515892
0.10032176928572949
0.10182396598361527
0.10760425359710488
0.10848372662196465
0.11487508156535779
0.12383212929634024
0.13300853701276194
0.13962866221195566
0.1391003704083786
0.1350874516174628
0.12283589921329365
0.10042493373117219
0.07684324154769903
0.056512565421709834
0.03725076821497239
0.02175319532894316
0.012816464875100925
0.004481021653303178
-0.00789335026923829
-0.016439260190102948
-0.029926266852806714
-0.04576131217119721
-0.058571265371560446
-0.0675073626652364
-0.07926253298919367
-0.08141401897931483
-0.07603151859690156
-0.06442551848459793
-0.05479579132435032
-0.04928412239547532
-0.04660310538921923
-0.045283595730138224
-0.04574171712262588
-0.047211500667044874
-0.051344584350681656
-0.054862592626298015
-0.05953008672551635
-0.06480539522167382
-0.06712605308864047
-0.07089103255450113
-0.07322791636089741
-0.07639636988171328
-0.07819634548471605
-0.08329684755942894
-0.08542254243818942
-0.08783399198771628
-0.08827356391722833
-0.08793247066067456
-0.08622495193210662
-0.08620324634964768
-0.07750767246837587
-0.0662970586128177
-0.050016206576733384
-0.03018177699208259
-0.009832073144521227
0.011489878150552706
0.03484754781133763
0.05797557202245297
0.07288548707830467
0.08968556917613663
0.10424778829602463
0.11292337987480079
0.11800893394803438
0.11452868293004063
0.1049432769814331
0.0907540221160716
0.08018927035551845
0.07399849358223433
0.06301275808053719
0.055089833229097475
0.05062839694301751
0.04500744495669532
0.04019850636161384
0.034785354831089514
0.030205496294948075
0.025532754905055015
0.018619675984641506
0.004433408783306257
-0.015064985081042563
-0.04315486090807172
-0.06405543927180771
-0.0845071322491514
-0.10179087513578089
-0.10927802314616704
-0.10752227194132326
-0.10351194775170051
-0.09517628766770514
-0.08095552969559905
-0.062379559188857917
-0.04828917025037902
-0.0341145923087498
-0.023173158655996527
-0.012390512666107727
-0.010682837099700459
-0.014464966105600269
-0.013630360320413894
-0.012656294715726574
-0.008256089083892753
0.0016223352573399138
0.011537785333532122
0.022859812143121303
0.03220275840970303
0.04075646181579492
0.046528926900012965
0.04020878795330492
0.03143429172225373
0.017807362471609443
0.0016083627484960023
-0.017148744232336862
-0.029188257686506326
-0.03237824252551519
-0.02973012274013131
-0.024047752281409675
-0.021472726674243933
-0.021214099140877164
-0.022710332128328202
-0.02973310459534869
-0.034296272487351315
-0.03768385364125183
-0.038282180317044785
-0.03668849487953498
-0.03674797708231275
-0.03823065618241208
-0.036907486973746115
-0.03209165525881147
-0.021864259754442283
-0.00820900868804179
0.0049912170809960936
0.015546241022969965
0.020774895102593244
0.021573219067608722
0.019852727332575603
0.012165140563493184
0.0027294895799650303
-0.009873185957398195
-0.020266178984891286
-0.03240988117113331
-0.03987150914790582
-0.047099874723355466
-0.05268595449379134
-0.05038977107484262
-0.048077400441856724
-0.04231453925496217
-0.03629142406821864
-0.03076736301376494
-0.02209002879232927
-0.015191082703884346
-0.01269186979748556
-0.007739517520335671
-0.002688595565555312
0.0015606728149681385
0.01097410045754051
0.024325916775259117
0.03626267046433681
0.048139477245927535
0.056322791636089733
0.06142675963342543
0.06713925844746027
0.06732601165247058
0.060468790238103066
0.04993194012279821
0.04187591609756475
0.03353210431846213
0.02444588804101793
0.021380192349024215
0.021039370170217456
0.019690409850190816
0.01740390197054159
0.009427706469270433
0.0011710405706573826
-0.0064214929800544855
-0.013166656662606952
-0.01615113746158925
-0.016436187330213355
-0.010867746976030917
-0.006178547294353643
-0.006585299453778339
-0.008552086620957794
-0.017262658846719084
-0.02277480990672989
-0.026228688932476468
-0.029907659301742443
-0.027832946402120598
-0.02738758502643976
-0.021690247203542595
-0.015663778397814337
-0.009242430637981478
-0.006112654102858514
-0.005674549865719701
-0.0070473843901815636
-0.011085480494987966
-0.01888440276731654
-0.02533794681841857
-0.03157232838358275
-0.0378330625782979
-0.04187711658473019
-0.042678635394621425
-0.04203184389019802
-0.03627097706101379
-0.028822670619238384
-0.022192128289480053
-0.013678889045941868
0.0005567342489306951
0.01344351223819214
0.021816395169394542
0.029063639373655498
0.03802976820916359
0.05035788071417368
0.06227122490352536
0.07610836913818575
0.08432585868717046
0.08807418623428473
0.09292365095254781
0.09182092604030925
0.08693447857227223
0.07626642682740285
0.06734862728165171
0.05743378441961285
0.047135521447090455
0.0401394114127604
0.03334008446008089
0.02524694214619997
0.015420197615677585
0.008981797129286657
0.0009380542813825738
-0.0038545803426035465
-0.010705292018502992
-0.01750808489380529
-0.021776333750922142
-0.025391658937723757
-0.02811085918091922
-0.030306821284250184
-0.029730568082144297
-0.028668272479606235
-0.030127871245815233
-0.0342204094435742
-0.034426680246370946
-0.03176107594630337
-0.02755150961261053
-0.026288480938393706
-0.025452903145857252
-0.024780088177718568
-0.027563417670783817
-0.03357915567026877
-0.039717227184450976
-0.04351971219288343
-0.04355888292732986
-0.04442509250528117
-0.04003436878578468
-0.03248502779515041
-0.02590577724767018
-0.01954309845737399
-0.010233943968229686
-0.00029445026401036286
0.003884966221776449
0.013994404180793365
0.03213374976038663
0.04853360492741893
0.058169179621923986
0.07414142900570618
0.09521623291000024
0.1091979777600071
0.12252863258703046
0.1302796360587619
0.13712456216103178
0.14002828889917263
0.13685449127420093
0.12483740175852007
0.11121977241086865
0.0985265181806036
0.08993730358965023
0.08187984672489673
0.07174736715738192
0.060994797243526556
0.04682877761362513
0.03356201968411697
0.011704374226702318
-0.013585223939263093
-0.03229899100990014
-0.04946675134619145
-0.06492501795890074
-0.07730293131858025
-0.08536883031888423
-0.09206944624625088
-0.09349620587967632
-0.08970545466515119
-0.08497675508319182
-0.075750662688278
-0.0655980459166978
-0.05176694284325703
-0.03718497377322797
-0.021619302284604524
-0.00913453394958341
-0.003923294678937451
0.0016834747132868754
0.009437420733962362
0.012423948169934765
0.0103453472409126
0.008940728850610988
0.0014593011615681459
-0.0013500355305475576
-0.0030779116170368487
-0.006518118642984797
-0.010048232476275855
-0.012084012802614737
-0.012899174568260278
-0.018699853037135714
-0.02746714634519427
-0.03212786350073674
-0.03920487087986027
-0.04273482593904235
-0.04960866054676381
-0.05599306428221516
-0.05887948076993824
-0.06197110311216615
-0.06298597947166945
-0.06399640241104293
-0.06761074010033748
-0.0687753481896847
-0.07040878524252743
-0.07086142699198576
-0.06748017743974812
-0.0653515394311627
-0.06167407935220163
-0.0552708357133314
-0.047179474767502415
-0.04094635177759232
-0.037126498430653465
-0.035424246355456504
-0.02992731243840242
-0.030175755193559188
-0.03154979020518649
-0.0303755007677309
-0.032107222866569717
-0.03990434828068938
-0.04607338074612213
-0.056826124924243444
-0.06192713042905798
-0.06910013805602401
-0.07144993678079685
-0.0704247013788176
-0.0677733286604693
-0.06259285865038133
-0.05402941580809244
-0.04873741666779615
-0.03954050385608095
-0.028921362281855018
-0.019054966822020028
-0.00960763626013395
0.0017748639286523367
0.01040181467188943
0.01790731851828903
0.02365087509705551
0.03560284786535955
0.04644146560120203
0.05496174899362386
0.06138735654662439
0.07090828471683024
0.07811690034213883
0.08452262240612479
0.09084909295449571
0.09250884391149698
0.09513641987619491
0.09827333156487372
0.10750197983568814
0.11597526996439199
0.12670911615100577
0.1320461722853984
0.13166954848128692
0.13108421417465538
0.12599120546337833
0.11428657177654673
0.1016864327523879
0.09490490011753154
0.08840519152610962
0.08335462584493965
0.08296729446982032
0.07960422648933017
0.07535502471648171
0.06833564072129915
0.05327998265102418
0.038101855527178444
0.02522022162542089
0.007891685077363651
-0.006172984391730579
-0.016486509041410996
-0.020751388789386142
-0.02800225381783962
-0.03273145682990064
-0.0340155908429937
-0.038679057501398946
-0.043530671478942094
-0.047867624991044744
-0.056018119611119604
-0.062030101247538515
-0.06443823977601233
-0.07898235477493769
-0.09039215268647728
-0.0918032672613596
-0.09489804572307084
-0.10018853457306222
-0.10200715645252169
-0.09954331144703236
-0.09301562375957727
-0.08696460692758544
-0.08103462630964436
-0.07708663063914323
-0.07427106225687713
-0.07063275354966628
-0.06720342642272249
-0.05986308637505154
-0.053523294291683524
-0.05064822434394344
-0.04833717037430028
-0.042572082477340796
-0.03873166594701978
-0.03620373041705311
-0.029653446463113093
-0.022113283390485555
-0.01824814456963503
-0.016905366758510388
-0.015645804006916356
-0.013889607460059596
-0.014139756068753059
-0.015560530692777906
-0.014081412392512831
-0.012306542461424666
-0.007896688398066053
-0.005609526059284702
-0.0015945447539679
0.0053385025277999905
0.006043585429183843
0.009821206799404403
0.016216023792881108
0.02170176800779155
0.02819429303891708
0.038457858059819106
0.04260738067254389
0.04801046360103551
0.05671633843669462
0.06295525087277352
0.06683052025628464
0.06772213369167228
0.06804123092532387
0.06531310447917252
0.06062793223830831
0.056175499605969126
0.05234216982246343
0.0477843266719204
0.04398596591778211
0.03594893669753725
0.02843169905723032
0.021284308277359002
0.012907057121890109
0.007660223406788947
0.0032353090383129665
0.0020283276245650654
0.0025706690005169834
0.0027189775721889716
0.003034986455793996
0.0034176630387428185
0.003532995002488106
0.004770695333783838
0.007943191785569756
0.012434942308846621
0.022296202781644937
0.03204958011993254
0.037245366022727926
0.04162578878783712
0.0488602148872026
0.05289724023490822
0.055679620955858856
0.05562093262362597
0.05345620254929258
0.051547524769729125
0.049861750349012586
0.04772575451586482
0.04559612900977235
0.0404383714423466
0.03334597071973078
0.028112330745831693
0.025088284213400144
0.018879219373539324
0.01532847652369897
0.015616167464087036
0.018198103617532532
0.01773658019931959
0.01838757147255241
0.022595278987408433
0.026182508901999583
0.027701899674125816
0.03213640244976832
0.03484549536553866
0.04219344495282278
0.04591075346059788
0.0453843011131614
0.04438733524765856
0.03719269948901844
0.031839649767550826
0.027402010235121215
0.023478411561853162
0.01729851275130359
0.0085491299372455
0.006015472730546782
0.003878539742902119
-0.0026989410541439066
-0.005509783002263498
-0.009582486054018048
-0.015448933793132823
-0.02094896574158158
-0.02357098461246531
-0.023321360732839323
-0.02320609460226117
-0.023241373434768044
-0.023144831031431463
-0.022651082277905032
-0.022421169623027665
-0.016563758454237233
-0.013100182590225322
-0.014308587162145153
-0.014108717666717653
-0.014077270711792074
-0.014129600334587388
-0.01466913218331826
-0.01462022394894444
-0.014693746042748958
-0.01643643517272493
-0.021763167117494774
-0.02666032215653965
-0.030837436611373257
-0.032103234151149074
-0.03589077115810222
-0.038387397208286454
-0.03749371196440362
-0.03675210133660691
-0.03954931388285955
-0.043178289770493955
-0.04221588631773796
-0.04086868800306705
-0.037568510059888816
-0.0339013122099226
-0.02972022840236457
-0.024449063523197475
-0.021926994890184466
-0.018600698606079498
-0.01799290357183657
-0.017744931330197864
-0.020914964847025014
-0.024664241166253913
-0.024602725880373388
-0.025325612780928517
-0.030221567332807953
-0.03459143742847904
-0.040603573966467674
-0.043794759292641976
-0.047376722553862174
-0.048649703653934395
-0.0488574266589474
-0.047113544786884475
-0.044465231374538436
-0.0395527217173937
-0.038547565431391186
-0.0401507579527434
-0.038249283096172565
-0.03897790135480785
-0.039083912116594406
-0.0368168114673632
-0.033699591640736784
-0.025326484102258268
-0.01604584505583233
-0.004350596467856955
0.0077429853792280855
0.014573513380591218
0.02083346725864883
0.021577265871118016
0.02057249683903984
0.023245962393771406
0.024496502128928444
0.023377299562209436
0.022958445717649285
0.02232720245828791
0.021679423456357448
0.021040822372433713
0.020181873805563674
0.016479166707005614
0.016492900667432135
0.019097857130409693
0.01879323544844972
0.0178302123894148
0.018258323539036163
0.021456268382459717
0.026668938556356093
0.028144434096159018
0.03220810251385884
0.03587897927610623
0.04122774984170995
0.04821293931537378
0.050258685621455405
0.056567826556712365
0.06567561287774198
0.06752811947558073
0.06964057027012897
0.07033044377363458
0.06670419802616673
0.06403247511409467
0.05925409085364318
0.05380566049061199
0.05098190168784622
0.0487836741490579
0.046010994138911854
0.04250522308730445
0.033108932592645655
0.02545338721326267
0.01828574111687904
0.0074098308281231534
0.002302892593187816
-0.005566953299112994
-0.012133484491448463
-0.019720557568200254
-0.024380093599273508
-0.030697928385131766
-0.03919770668226009
-0.04265040458353744
-0.04704418760903618
-0.046430215874700115
-0.04458249186282691
-0.03984877734254739
-0.02930441450111045
-0.020097200735007946
-0.01297146132204617
-0.005298193266816017
-0.00018100647294934524
0.004088992888081679
0.008244821930964243
0.012602418013503541
0.016763478856903862
0.020440191535790974
0.0238485101373396
0.024233808429356168
0.026093576038276174
0.028885289578803267
0.02895780287613489
0.03167284013964376
0.03210985619325519
0.03310889386725323
0.035622171836183845
0.03417111201900642
0.031301812154738914
0.02905316415500225
0.023764127507227124
0.014066032602907888
0.008017796254092787
-0.0013326720327152112
-0.01574827139529525
-0.028158259061257757
-0.038318504735147356
-0.04730008500223638
-0.054144159145872735
-0.06098304408692301
-0.06536522885738794
-0.06836576907661238
-0.07204592057034756
-0.07492585055483804
-0.07825332989968187
-0.08092274865090414
-0.08334023936165062
-0.08457521148904942
-0.08562556030802175
-0.08527033228322976
-0.0855745589661869
-0.0882067238898882
-0.08626536187911092
-0.08187738766247722
-0.07920624563129165
-0.0695218188542318
-0.0647184179902683
-0.0595087296715893
-0.05150639840296481
-0.0489392921385517
-0.04714862999242918
-0.04220787016150424
-0.04202965590552552
-0.041432316727239626
-0.038949573730242784
-0.03738568748221052
-0.03533839216043155
-0.033709989408605166
-0.031425036353462145
-0.030272781664301186
-0.02414392679351814
-0.017799166242300907
-0.016841601527329473
-0.015800204082818122
-0.014122316088270657
-0.011553867989009732
-0.005454316622681074
-0.001881204824409389
-0.0012034268099764354
-0.0006936728517572614
0.0005328137676515178
-0.0008556652344725698
-0.0024726201794147426
-0.006912468995482682
-0.009881693926115822
-0.011468523032895283
-0.011555256294328471
-0.008381392836189652
-0.002290992280093018
0.00413029545538157
0.011911012920727184
0.01599524839434841
0.019695908855916367
0.02448407127795731
0.02406858654253887
0.02378002428082105
0.016986506137006564
0.01108138722100775
0.00561102860451112
0.00013116255564354822
-0.002243948673364868
-0.003379297792459004
-0.005908474471253172
-0.008958004248175548
-0.009562656716822503
-0.012764309516571561
-0.014824707574880384
-0.012641774629833652
-0.011135910637284419
-0.009609313069626318
-0.008314692220262286
-0.0066547979793090215
-0.0054279911009048176
-0.003669167036171452
-0.0032603237055553506
-0.0036101689007990976
-0.000925989578996896
0.003938312386123142
0.007030012179135919
0.013864834826519921
0.01863615751166118
0.02689480440772416
0.036483056672675554
0.04159926189402021
0.045979820198002924
0.05080608840619838
0.054771975208003754
0.05949081917758883
0.06831494199904346
0.073319366375129
0.07614145998602012
0.08123487531391771
0.08026776672598106
0.07767783184272843
0.0755335487755999
0.0737536910139663
0.07118172471280279
0.07216761511606967
0.07519934863889927
0.07815339902450735
0.08006521356085791
0.08484814805492033
0.08675701946144596
0.09017387701202616
0.09611679191104001
0.09516662568229299
0.09384974934989747
0.09083664274082835
0.08926714131089325
0.08510888612217472
0.07935024600305543
0.0768458748743845
0.07096695368636691
0.06527890995765377
0.05605426976495622
0.04349359191568707
0.034850820106998255
0.027072031166195828
0.016621397328335175
0.01015482992775778
0.0015759257789128619
-0.0037583864677988676
-0.011537750480678932
-0.017793512335005625
-0.024826384384372752
-0.03199087242500343
-0.036301279680592956
-0.04061449452713391
-0.04506611392623199
-0.046773167950090705
-0.04551933655657683
-0.04397506471981209
-0.04358080149944719
-0.04063106899509543
-0.03847571046573093
-0.039570787112963905
-0.041548241189489146
-0.04164840441701825
-0.04030852520151725
-0.03749804920835616
-0.03175354385747506
-0.025276896237247243
-0.019417647548585843
-0.010743781186042592
-0.0040122643317836715
-0.0010109887173569143
-0.000906427447009141
-0.0012675496701564696
-0.0013534927399570533
-0.0015796006250278335
-0.0005106347672700727
0.0042123080914771216
0.008918910964513985
0.013095154098017838
0.016979103778242913
0.017458003280040737
0.015818933618868557
0.018933688574266586
0.022939683265015283
0.0216454419244971
0.024082256606067876
0.027516133966622582
0.02589113904933034
0.023913975413248342
0.022438983303547048
0.018028410884158793
0.010824086032331828
0.006548550992628621
0.0013759025436774017
-0.006719086003287784
-0.012033129573226812
-0.01361408597424374
-0.01799958370203134
-0.023742615551730344
-0.026181579492581177
-0.025424265718152716
-0.02857111046999072
-0.032742880820668514
-0.034060492935520284
-0.03544039484410125
-0.035176094040742976
-0.03385298292016566
-0.032135608579223436
-0.02503755394931233
-0.022841417581715418
-0.021130161852777673
-0.017818606389302494
-0.020519191336355203
-0.025289927331801097
-0.025362789157664625
-0.024036289565249377
-0.023738181494296715
-0.02307572556863398
-0.022529503908360227
-0.02173466522866376
-0.021320903773208607
-0.01872794056426769
-0.015424834981421493
-0.011943350559678732
-0.0036420592614680404
0.002793752432438712
0.006956819251167086
0.011930776424755592
0.014175350513208262
0.013365780694230108
0.01604695453832555
0.019846395730912736
0.020676029175710656
0.024101251411056485
0.02564987985446997
0.024037315788148866
0.022032347320299652
0.018014738884360167
0.014430649599095373
0.010849586703249252
0.00993030978377677
0.009537138619478483
0.012778043476998083
0.013139252638651426
0.006340479459083718
0.004697037701105803
0.004893121789422933
0.00022990161814052278
-0.005178735112506946
-0.012637894345511822
-0.018558594423156233
-0.02076134121524154
-0.022734303146244503
-0.024892004561851224
-0.022195168232786076
-0.014036957578268857
-0.008467589750937636
-0.005944858913714016
-0.0041583403845818715
-0.005220436551348902
-0.00860863150271949
-0.011067130467783376
-0.013564866000460831
-0.016077849656408953
-0.02103226406070592
-0.022054440156682936
-0.02104510152829761
-0.020761147588279367
-0.020451305723419373
-0.019984354941456884
-0.019610306375942237
-0.019062491165769847
-0.01869232094830741
-0.01809658112872901
-0.01798423489274034
-0.017798699601322084
-0.02096540467066958
-0.024566459550359465
-0.02453274909624615
-0.023224218085920022
-0.028092445256817117
-0.03171417949606646
-0.029521954393105326
-0.030529356751868977
-0.03562329487256441
-0.037605221731915724
-0.03789738545512985
-0.039667910397186985
-0.04349169437145783
-0.04687974023006755
-0.05005171776159486
-0.050990227647219416
-0.05137523549879273
-0.05412810747070908
-0.052901829193911586
-0.05018750835016273
-0.047938221381450916
-0.0457650104461746
-0.04333142933487202
-0.04115583678796104
-0.0391544116935195
-0.03713252022917687
-0.03486590364735108
-0.03287880694810991
-0.030801209006751772
-0.028414872874217987
-0.02241865247251949
-0.01527349033898272
-0.008811213711886952
-0.002695624224281982
0.002965472440106339
0.005012638031820654
0.0053638618510350325
0.0063587307365376
0.007077437230979538
0.010178458225951046
0.015859223517156316
0.022085827087250244
0.03139878053739227
0.03991135757671983
0.04403324962194335
0.0508417738553258
0.05654234524849115
0.05539435035249788
0.05667494099218327
0.06125958211429025
0.0595758795020689
0.05716355863121227
0.05609601573799947
0.05250774023781263
0.044722406705688944
0.04217280431865576
0.04175354385747506
0.0401626853736129
0.03821969689635341
0.03287832288070449
0.0276262689827033
0.027021126637842063
0.020939187579992136
0.016370398697277796
0.016031216538840598
0.012232960343261877
0.011026916084010865
0.013607663367908652
0.01612492424345105
0.017834003605334034
0.020173722110456434
0.02023783199763
0.01809102209864519
0.011717422747682768
0.007468852198730967
0.0037697059000071638
-0.0014436288016233681
-0.005389027547307907
-0.0025507951291201397
0.003012066832282261
0.007333983274503007
0.009599523290419142
0.017097010980585022
0.020901197970014926
0.02193590173044416
0.026269660397671053
0.02717432429030877
0.025705489518004398
0.024884511198415355
0.024140731948642382
0.02309845737399241
0.02204040220192581
0.021249532874953767
0.020337375618880174
0.01958497996929076
0.018549149299941715
0.02019738332523327
0.024196070534429775
0.024492784491254832
0.022901577478860773
0.02203006252214608
0.02096854142745669
0.019930410469797096
0.018754124738361567
0.017705113881697796
0.017906925455555833
0.021676770766975755
0.0234170899029348
0.022002586856214548
0.024349210098807833
0.027783861967211207
0.02662134504905539
0.024692723692388716
0.023640341790313615
0.022545168329599557
0.024725562825172277
0.02740098401222173
0.026048964386192846
0.0241991104777358
0.022879407191692628
0.021400252102304736
0.019734246994425476
0.017042200996404345
0.010799696780177245
0.006615904131418491
0.00295237744865497
-0.0031123636624152636
-0.004785329659584437
-0.0049518469107786315
-0.007625821704420697
-0.01591822358879829
-0.02071376707063705
-0.022834292109507662
-0.023785407110369302
-0.02336876061317786
-0.02344131263590192
-0.023181968682775136
-0.023211167628669954
-0.02276781997339565
-0.022739782789273837
-0.022345248491161894
-0.02231277724960645
-0.02325308786597916
-0.02931291472474959
-0.030876607345819686
-0.029027915199135647
-0.0339068693037368
-0.03780823960174806
-0.036023599254148934
-0.03504653824035689
-0.03444617848146118
-0.0338620640246913
-0.03296758491026358
-0.03219116015466921
-0.031218552561007015
-0.030496304629427037
-0.029596345871969975
-0.029055681305510426
-0.027593391124527303
-0.023201583094042674
-0.01788222252772254
-0.017981206567052044
-0.013056314465676714
-0.007724236480481433
-0.0046324050211343825
-0.0004948055694859397
0.001525225333377222
0.0054752961040318935
0.007934081636999787
0.00681723357414073
0.006544885634234795
0.005743175133651009
0.005407474387993579
0.004412382831484518
0.009872010641737839
0.012728695709420142
0.011380744185866392
0.007351822126527474
0.0010266676606184057
0.0003572427133333462
0.0005157877616142292
-0.0003944671095560714
-0.0008653566511829638
-0.0012605659328850222
-0.0014386374857926214
-0.0019263080953496612
-0.0021360345585402073
-0.0028096027355617214
-0.004075839808541659
-0.00916372321413012
-0.012129559672925333
-0.01477405863411668
-0.01747507536929502
-0.018856015118393202
-0.01956106703946311
-0.01924783476649556
-0.018760800996017093
-0.01862183492526967
-0.018997552555198204
-0.022934765140176238
-0.02594800728811885
-0.024980201643118396
-0.027248754494565854
-0.03173629169514596
-0.031397483236745745
-0.029800719130537483
-0.02900721647687997
-0.02834305663395016
-0.02725711917933148
-0.02710332128328205
-0.029059031051955918
-0.028790238103075374
-0.024902150614668786
-0.024931155933601436
-0.029146860241994973
-0.028474006548463854
-0.029666903536983716
-0.0347526899625719
-0.033623380068427765
-0.03147785778874136
-0.03024981750658815
-0.029908666161945714
-0.031267133565814766
-0.030343532956277088
-0.028331961809017977
-0.027128337886794057
-0.025465101644473784
-0.025143216182566985
-0.028229726772993683
-0.030667102972754746
-0.028226086586104936
-0.03205101295945258
-0.03455836594334088
-0.03607158001537398
-0.03800022073473687
-0.034333429501391205
-0.02935655824202208
-0.027434113585448543
-0.023008614463546816
-0.018671469260751618
-0.014520628048414483
-0.010489843297699517
-0.006872477282716663
-0.002806491150279694
0.003144792306039031
0.005217551509612609
0.006745992405950543
0.010428157620092282
0.013625386043755818
0.016221520862337035
0.019732252636715155
0.024097979115395855
0.020903753845915533
0.016480078689997422
0.018364663466658403
0.02076062479548152
0.023405452922508552
0.023614686217826458
0.025729673525579085
0.02821727655932633
0.030582604166464966
0.0315654352637296
0.03323109184307696
0.0390504340148357
0.038593726099171846
0.04247916089819674
0.04908395084198684
0.05275211682676389
0.056240848705700563
0.05805157060510361
0.06050100976460769
0.06393155674141313
0.06154847354184374
0.05892540908536431
0.052804570370814985
0.048009592279705755
0.04185287448906685
0.03565898032169183
0.03174740588277436
0.028596862855958964
0.024685210966256626
0.025099805017649097
0.02300239903806125
0.016948148635801238
0.014305767953575998
0.01082127456884116
0.0038896578030697612
-0.0027071643912271494
-0.0023749295681925113
-0.0017347626230257308
-0.0015820596874473575
-0.0007706051036194687
0.004375260670297817
0.007854113701624723
0.00802630615908004
0.007803900421525895
0.011014030209678635
0.012889651994260896
0.015695643586978197
0.01563788272789409
0.019654395235227714
0.023887099990899528
0.02524320514583014
0.02699022377468017
0.027333892269830788
0.026076614316390325
0.026844325858687165
0.026507860286529173
0.024687340862840464
0.023547032957245227
0.0189110322834234
0.017809776999827668
0.014665699177279036
0.011990142451356064
0.011587843712061214
0.015339977965251703
0.017757966297290963
0.020999057036694243
0.024614498399673154
0.028738423527999424
0.030237793272237568
0.029043482806893887
0.03044243760855211
0.0293755724097069
0.02733635133225031
0.02561076720811219
0.024193882549757285
0.022240263952274825
0.02258497803302114
0.023281105687404758
0.023953765753973705
0.023519499203225047
0.021887882243826685
0.01837505929825716
0.014455685565303595
0.00818888503786375
0.003164412526115436
0.0019207192467136662
-0.001884586906557564
-0.0035876442762901844
-0.003951293137666833
-0.004685181922212303
-0.006141026261624878
-0.00944594032029772
-0.012280036866573595
-0.014728422695403486
-0.015198140406655342
-0.015137653279943925
-0.01582553436200884
-0.015600009294094181
-0.017434684784986935
-0.01953043525404825
-0.022304083399005144
-0.026258991552055636
-0.02671674505331518
-0.025698054242657177
-0.023774564000487934
-0.018927982387691517
-0.016968297457484356
-0.014711565532077208
-0.01283128895532445
-0.010572591716251304
-0.010537415506034382
-0.008618719467448402
-0.008011820926040308
-0.011278381356047066
-0.013318526034113196
-0.018622605560579097
-0.02677208363910257
-0.03105685468490116
-0.030706447971467127
-0.029694572829877412
-0.027784713925844744
-0.0228260048755269
-0.018202979144439902
-0.014685449127420093
-0.016792950816815335
-0.020813523681545605
-0.022064431307930763
-0.02103276749080756
-0.015412764276599985
-0.008012394061848322
-0.002288269885004947
0.005323788814944903
0.007454616744472433
0.004201722505455439
0.0017222419291441492
-0.0005326915890383903
-0.0019345724813488825
-0.002015259740888399
-0.002798314283667372
-0.0011221158779917784
-0.0003512487970924975
-0.0009829908395084196
-0.0026484160346359905
-0.004950249488340752
-0.005423862974071413
-0.007451756874241223
-0.010974952416174046
-0.011970224045757922
-0.014744687360225535
-0.016342270508483765
-0.015936835012401805
-0.017156574506686905
-0.01844382591387085
-0.01995821530156431
-0.02266616581825786
-0.0230715819516436
-0.025511029959899855
-0.026017577455625537
-0.022721814207184717
-0.01789403183614512
-0.01688708450074256
-0.01608433035083269
-0.015007404295033272
-0.013812586527048717
-0.012657160228247461
-0.008754579761722659
-0.0068134694659962
-0.003156020733575108
-0.0008227062465994263
0.0012007270692429377
0.0038829757366053703
0.006752808075018829
0.007462222411546362
0.009824637869174004
0.011673560431943026
0.013865233698061986
0.013630381619379734
0.014213932621689703
0.01592449516610289
0.017290490786261003
0.017713714791357263
0.01605256778395878
0.014796591003704082
0.012799520579641671
0.009181240645397389
0.005792772680010145
0.0031298617309863156
0.0016152566428570044
-0.0007245534478185017
-0.003388136863281938
-0.005621314068741443
-0.006474184685269053
-0.007399665412609374
-0.00786177552051768
-0.007541365496062594
-0.006566604770581093
-0.005359907988467577
-0.004304004011950656
-0.0033479050530828315
-0.0020813407505368303
-0.000150668826252718
0.0007319687795886201
0.00039834390859258366
0.000894742253469311
0.001363168472883512
0.0005201257800746237
-0.0008243385218904961
-0.001766636331775927
-0.003262643356562114
-0.004065132237533811
-0.0046868045161552645
-0.0050305272268552845
-0.005073655696408413
-0.0057467746588776986
-0.00542684676555841
-0.005145965685429764
-0.004822792604224552
-0.004681413941528529
-0.003914515632472791
-0.0030055996917458757
-0.002748670266837316
-0.0027307617091064692
-0.0024112307510596232
-0.002289696915716119
-0.0020281301250636547
-0.0019381942736762206
-0.0016753177902516568
-0.0015695941772499937
-0.0014293215117618698
-0.0018950871030889308
-0.0017005286016067162
-0.0014698795833922279
-0.0012255606952756956
-0.0019266095725297555
-0.0021455087257990497
-0.002095208313567247
-0.002032023963272838
-0.0019487469431143346
-0.0018770042810921333
-0.002003322638670789
-0.0018258395181012161
-0.002002586856214554
-0.0014879624053890253
-0.0014097479557833466
-0.0013223917964128667
-0.0009799706461525353
-0.0004750242517770114
0.00010368857426658946
0.0007956410698276912
0.001485981988819979
0.002117525757226642
0.0028129737809730526
0.003203571642944136
0.0036333963911806782
0.0038197178080653367
0.004124761596802831
0.004369538993565776
0.004599323854648112
0.004756492796108872
0.004902169977365008
0.0048933870583611015
0.00496981549286775
0.0050162607922828025
0.005034372658323925
0.005021810141018516
0.0050564093428881775
0.0050190025500670915
0.004840745696156698
0.004673157687861719
0.004441587586188201
0.004281386446499902
0.004199840451383174
0.004112020942692227
0.00401293428107277
0.003892312428721074
0.00373677189001214
0.003658647283316907
0.0035363428126639774
0.0033611259020596097
0.003224043821654077
0.0030811316334176894
0.0029124631866738176
0.0027859473295937507
0.0025982259897726237
0.002422741873960465
0.0022782690524090097
0.0021297842802014493
0.0019516590926253296
0.001831425655959741
0.0017096250026623705
0.001591050174554706
0.0015020361811341504
0.0014069909014690475
0.00129758953794798
0.0011925521389002374
0.0011072592684386114
0.001023772550280081
0.0009371029921174462
0.0008533300933088329
0.0007690340144484438
0.0006849640918798661
0.0006007826401810799
0.0005220829614082101
0.00044233053284203715
0.00036980619877356676
0.00029999361031024844
0.0002325320404215646
0.00016715443880129416
0.00010558824839241213
4.57410394282583e-05
-9.416702649010467e-06
-6.313948692727565e-05
-0.00011417672720090926
-0.00016369422817388474
-0.00021057338752306578
-0.0002559345695769444
-0.00029855922177451363
-0.0003392199156948206
-0.00037751971606542266
-0.00041393765599072134
-0.00044799993029429356
-0.00048004015823195336
-0.0005098317962579652
-0.0005375185155782571
-0.0005629862699121126
-0.0005862997306648955
-0.0006074254003721509
-0.0006263872887771876
