-0.0013707943240914842
0.0012077665683155156
0.003915495351161811
-0.0011266744579623378
-0.006927167180480966
0.006367938151110014
0.013504788133810395
0.008450129920740382
0.0027663154592405077
0.007924033641730844
0.016052549988133318
0.00753961040526039
0.008922387012255971
0.014309279580201395
0.010904616812450496
0.0032875151499306993
0.002145331901434255
0.010553032212418878
0.017131588611418728
0.0077395180044697144
-0.008677459558314416
-0.006990499711809204
0.0084962894669226
0.008820774736921224
0.0094827598179925
0.006415625455723395
-0.0006431229833282339
-0.001951940559576247
0.001518350870556786
0.009126093582965247
0.0012298667786478194
-0.006241362956596546
-0.00035859039366740043
0.006853332331167374
0.011531957724391561
0.01256480003725443
-0.004089633668854684
-0.007152568737895884
-0.0035280839989362874
-0.0003494265391247088
0.007904168697210124
-0.0036461474548320667
-0.014004810396600368
0.0007237118320805578
0.014277249757049644
0.009506023412285219
-0.00654422268345458
-0.012473759523470086
0.009417184668004612
0.018345793006706204
0.00464969602100627
0.0037451024925746444
0.009707091127522485
-0.0018931933459992948
-0.009343529554977041
-0.007548143793930713
0.002426303833570735
0.016667366548871316
0.007912894076913242
-0.004279034865163064
0.0041787746968890505
0.004778354522471325
0.002086313857953596
-0.0011307185243977708
0.013327024862021763
0.015064102537917208
-0.00894016047999392
-0.006532253880771935
-0.005386827209295961
0.00958759100681323
0.010903848848319322
-0.005837989796697835
0.0016156964515563733
0.013377665560607687
0.013435618258102123
-0.007001998749198845
-0.01199814463133841
-0.008665225236118332
-0.007207282097326381
-0.009586786278441735
0.013245894353462026
0.012053879219666743
0.004616113929929808
-0.00030084896800734956
-0.014409360012189388
0.004181719921030411
0.00178556521547317
-0.00471469928281137
-0.010269142833567058
0.008417777389256916
0.012450716514619299
0.02688769464112178
0.019074958609592768
-0.004820907088186383
-0.004329577525774796
0.001732515642163028
-0.0023344267290732836
-0.0030514090712086567
-0.0003684325892931911
0.0030145373976064845
0.01808486085347775
0.017455387615598006
0.008892681506075698
-0.00906573487018751
-0.007770224314969867
-0.0035247531587631036
-0.0028333991685562804
-0.006733652474172099
-0.007108945924295893
-0.018004939479933056
-0.01059699407401295
0.007456649854515731
0.03443518893347347
0.017314278291410523
-0.021006355720168575
0.012492934117255867
0.02831328524843027
0.01775064122962495
0.0009380771730423347
-0.02709100905993429
-0.036732831406138235
0.009049656642419968
0.03404073722922626
0.023240608472686823
-0.0018718386327624117
-0.07196706250860385
-0.06285908961120182
0.026060360346743975
0.045059846055871024
0.01468916447544986
-0.030248019735044204
-0.023323356607820735
-0.0027071973353278616
0.01835478799083835
0.03661681980334399
-0.0014871078021479302
-0.047815938605352624
-0.045607837482450175
0.030695109661601508
0.03552398233519101
0.0010658549667058954
-0.014675839480790888
-0.011584436634993592
0.0018859998096429334
0.03252705541719038
0.013331244579827624
-0.08151359194389285
-0.10624681631891099
-0.03236465551294081
0.05132990554449678
0.03833819914862189
-0.019873767938396205
-0.06598172163669495
-0.04994046235525612
0.029170827493606083
0.07691585604920853
0.04002863117337974
-0.017904168697210125
-0.08160770839911749
-0.051383295391275674
0.06974413314210481
0.06306072104479069
-0.034209072515830066
-0.07138377741131545
0.0025275946260484446
0.052622617932534345
0.03437266521543232
-0.0019728806538806083
-0.013831238248208458
-0.015923049994056446
-0.0005234137149407013
0.00648883122803592
-0.007511158968166661
-0.010219621401853162
-0.005582343524244587
0.02897122626306611
0.007904667056912269
-0.018599319207967546
-0.011453731590817272
0.024953989553236865
0.030974595501445854
-0.0070375701941682925
-0.01071683732763188
-0.0052295538741135225
0.02897403668499296
0.030719704938377005
-0.012400717147781216
0.018398753937348012
0.03889835953874767
0.0073444576477993935
-0.05131744655194317
-0.029534503443788086
0.013273157080118675
0.007085608801522529
0.025631084737080534
-0.003531169744173991
-0.009427049739157714
-0.010989648415399967
-0.0034398616684184146
0.02984710160941589
0.024442888999363158
-0.011331768266006435
-0.024185882450017994
-0.010577831734973942
0.0035927155334225746
-0.01306551265077934
0.010529919760003038
0.048212665607584214
0.026667011161214865
0.024483607437977704
0.012741995505775865
-0.03015755519435824
-0.03597424624116279
-0.007303861756652591
-0.014574692885833553
-0.06208667292203408
-0.03259129888469549
-0.00727504267715564
-0.026599879658386675
-0.029937419093140568
0.00439956846951693
0.011574395912470063
-0.011483718956173347
-0.04962081771023324
-0.07259977508454754
-0.0013215645553508106
0.004007465183243186
-0.0061841414589929615
-0.011979966756956915
-0.001388496714298144
0.019057013575399982
0.0025404964234521537
-0.04008402262879841
-0.04837982035358212
-0.014788624000267968
0.01621509694934419
0.0005485755695087194
-0.005397235574222712
0.01769408965817835
-0.012872234869574771
-0.037134476646741806
-0.006868238188160198
0.02932709593955305
0.0073106672260277745
-0.02208483062510238
0.018185447814999072
0.04172680002826761
0.015881240882979014
-0.04228055118583057
-0.0020477657349927346
0.06749297700886958
0.04923070827125963
0.043989067131911315
0.014381080141550494
-0.03810161309231786
-0.054543100148650075
0.025447537224814555
0.03530156276615778
-0.011535364543994744
-0.003989645555959054
0.01886005120033202
0.016022570792608423
0.012610101751162464
0.024072444344046297
-0.006410511141403029
-0.027397753541519694
-0.036126813753584
-0.032197700927806876
0.007497621557896937
0.028489022402085593
0.016214177843336133
-0.030631062270044782
-0.02684777276104755
-0.02816441866953482
-0.0371059680208298
0.004285178578212449
0.0008435648894969058
-0.007606317076867082
0.01500590474548729
0.016472565094151178
0.005451883575003747
-0.04031001649897407
-0.030314297490513804
0.01516014298838536
-0.005368743287973069
-0.0071770332973724585
0.015076876068971349
0.035314140221263536
0.020860181100647825
0.027689289882358515
0.03690586434567209
0.04095168729480958
0.05646815747022811
0.027589405526318903
-0.027605692084781603
-0.0208432450406061
0.01188554393306294
-0.011159960801149983
-0.018593163240171386
0.0025566085560191024
-0.02893461724953646
-0.07385065793692971
-0.04738011896091184
-0.022751227415012308
-0.02546781883072559
0.008485962800307676
0.028789921369459782
0.023844199685379798
0.013527716765024626
0.014465257997141375
-0.0015094861952320046
-0.023754981043949196
-0.04424633511585433
-0.05928777045715516
-0.039279616965634825
-0.023242254693670136
0.010644873369659125
0.02640723503909877
0.05253614026946554
0.03276978927145939
-0.020650302222480023
-0.007408737879544825
0.018732667192531464
0.01634943348348121
-0.025095805567821646
-0.07692006351226761
-0.10447796616954605
-0.007499974469277553
0.07123659790255923
0.01947900169564846
-0.05598662762032016
-0.03065353747562837
0.023104196801429392
0.012441913521519948
0.020741890114953608
-0.0025535636599373127
-0.013449172008034211
-0.01750736816649789
-0.03514039650641679
-0.058114991190879525
-0.0005989842448890558
0.006446850550503649
-0.041702453931343184
-0.03753990860409855
-0.02169417789235512
0.028130285114853524
0.010709766338743258
-0.04648523650231553
-0.045081005918634204
0.0034309896402455685
-0.019631115782439028
-0.038439108818474926
-0.008526885484701785
0.03589348745992187
0.07603057314225187
0.019956401695893557
-0.0681048565152974
-0.03779682120038512
0.08535590439826946
0.0675937518765081
-0.04607556031765937
-0.07309592893227251
0.00010326160085391075
0.059777633534869444
0.001115979331961074
-0.0413833811745031
-0.04340406637007456
-0.03161658492069749
-0.032812284648356164
0.027978734746414564
0.08989473581012658
-0.023349536831845673
-0.12039402278811011
-0.053798910226218535
0.06302056632452775
0.12369492053000962
0.06893323654806657
0.0005884177937289192
-0.007019690518624968
0.006880264179661123
0.03854249394717632
0.005459714358192359
0.03404699123499661
0.03417212445430634
-0.0004356394996631987
0.0008728137021140663
-0.013181038148618216
-0.012210078222048658
-0.0788965907702966
0.0062816361394116334
0.07122679410514
0.011948512906903548
-0.024238385870113573
-0.09074991288917501
-0.1461657144047604
-0.09975780535458906
-0.019625360136370822
0.036665736667550373
-0.017525092615248743
-0.03917467139917754
0.025345496033342713
0.06102434977334845
0.09548657676312104
0.01560441023826904
-0.051757065167883906
-0.03789460590981078
-0.026457091433891154
-0.014461254779861855
0.04276735057685135
0.04313000938305111
0.026213703993127536
0.04548447303159151
0.015060001282663495
-0.04216413109147719
-0.09807159304763705
-0.05252617307542265
-0.0024432929975151457
-0.04717591403050043
0.0006694976493353229
0.09366017015307403
0.09725195473423334
0.006636590794806111
-0.03670018884564779
0.02323255301914069
0.04521576728399272
0.022028740649117595
-0.008174867883617485
-0.02603280350616475
-0.030595070078769424
-0.059452882745357385
0.012479731670064633
0.028946365466777178
-0.05703154902858664
-0.10224327224614393
-0.06103946396103644
0.007151518914588908
-0.04554345921273056
-0.06195558798070776
-0.08384677318220235
-0.032138927162278584
0.08212649267921851
0.12572610395865083
0.07652693123575639
0.0033571915551722994
-0.03873375378007876
-0.044975165755662405
0.009878502355566575
-0.004212797958849377
-0.0643493485172369
-0.011966490620421063
0.06966598870684235
0.029062536381279484
-0.010936765098154394
0.008659012079503894
0.05109200006045674
0.053683838154010295
0.014572013181205629
-0.01166912510503339
-0.028418716919842924
-0.02952267352823555
-0.026501682372486294
-0.024693175862560562
-0.014534775090674914
-0.04869247979294379
-0.02774254084200731
0.010411338745301837
-0.0023007984784506404
0.006303457758500607
-0.002800389782645726
-0.025854059854634192
0.019483066186661853
0.03707471024672482
-0.020336854394409222
-0.050011253942454155
-0.03551542443702715
-0.01100302651396163
-0.055018911116730136
-0.034552315718224154
-0.04752693082726484
-0.025114518566145605
0.05084306530432008
0.0025272159543731267
-0.05738432233905535
0.03130643770442449
0.13601780369611333
0.09752686955353097
0.0026616010990056903
-0.016712941952123972
0.033053306922992395
0.03193270019864944
0.03670786031712834
0.04755376872269999
-0.0033745397831971896
-0.010774230391690301
0.003167476637346504
-0.034385998379922476
-0.06903535943785025
-0.05900607467797589
-0.04446438791012042
-0.08945523974165359
-0.05011803363601196
0.007827278331034207
-0.0342303018221583
-0.03735504574901216
0.01010707789239597
0.035140314808104964
0.050073671452689934
0.05373220355461185
0.0193578512690403
-0.03403291461586883
-0.06181567962170414
-0.006711977912044414
0.0840662556969254
0.1385658106453717
0.07763761978504356
-0.06575198598383762
-0.09928469043079927
-0.01112306584352894
0.028497490432106455
-0.030947357284282752
-0.030630465872368444
0.02373157039269519
0.019431857684808727
0.02749031772881961
0.08063986934805972
0.12825201151456006
0.1010192272891969
-0.030470525087304856
-0.13398563988773016
-0.1276354752043581
-0.07829422911719663
-0.008211542255796596
0.01939667430682046
-0.02495669785227393
0.05196339425440282
0.1447791306564337
0.15046676288004524
0.022110308243645606
0.002410797493985983
0.002148536926207225
-0.039063202222520875
-0.0388213057759481
-0.08027888535725242
-0.09699509524184946
-0.11135300165725025
-0.11255274136642876
-0.05147410306487131
0.07104121638982513
0.0852371150528731
0.020471517721793554
-0.043048270222068266
0.021405321256144222
0.04422611478367716
0.06789689346254194
0.028301786211040625
0.07717222535172144
0.13678838217326494
0.13381783155523766
0.033627690989207246
-0.09522461112624798
-0.0738454700941287
-0.06133705006186604
-0.011804094801087076
-0.044336775147046745
0.02679590250286863
0.04827920888256725
-0.05596089265209468
-0.07192711203412047
-0.057402050872721794
-0.02101893317527433
0.0196307971590229
-0.04815143272286993
-0.0804299455358204
-0.003080677491420656
0.056872972605330564
-0.028634024650831626
0.0038366425915358094
0.05929451056788088
-0.04305811486864341
-0.09128225908903931
-0.13296894524619987
-0.04056988657414877
-0.02039073034614349
-0.10952684014213872
-0.11004742178509994
-0.04246469918068848
-0.05978923469514887
-0.12913394479073179
-0.1602249726412778
-0.08149239123197377
-0.01988873915403849
-0.017513520049378457
0.06447736977186971
0.1460765815465572
0.14708931381996387
0.19509311769336254
0.08584057963318274
-0.06535721974108988
0.02974180474021775
0.06748325490976217
0.11536206036606562
0.10023749699248088
0.09737527833593611
0.13293757309445836
0.18182057335058255
0.0924886163614758
0.021173097889691756
0.10965555583242205
0.11523489694370699
-0.006317460849147743
-0.09515774105801764
-0.07542857913155511
-0.0940489315699025
-0.14261469728120274
-0.24587981116252203
-0.2085925382480859
0.008492461901013508
0.20489021585102477
0.17480750856504676
0.1203584840224654
0.13424188664277537
0.08625940602876353
0.0039273787791085975
-0.06511314603450691
-0.03975488872485683
-0.0302130896218226
0.020540687597501828
0.14962265592224935
0.12072743359867583
0.011729063071505222
-0.06343224411782367
-0.15209750203326672
-0.06920247333469225
0.10361225000827196
0.23469000188314607
0.24946922649263836
0.1391875756475306
0.06175963457979086
0.02257705886894406
0.014156589520312447
0.046102275665626774
0.07263551809597181
0.10339787363803807
0.205409367773529
0.20040134295684978
0.12090676139313594
0.17355633976857318
0.23383086243597404
0.23441026686345065
0.2635018102303443
0.31950134618393305
0.33463477382435103
0.3026520905985259
0.2615195232413315
0.22780769524568928
0.13576748006867562
-0.03500510410203138
-0.14638674918740816
-0.12618259327598383
-0.05127079681588999
0.010695342501790214
0.04671595253491479
0.11097375809374961
0.18957717447205527
0.2206728591263754
0.18477772544547025
0.11597888262035896
0.047629993247634526
-0.05232266258066176
-0.15158778626577848
-0.16680818175913623
-0.15791638259482824
-0.11365003139257632
-0.0059886251440443355
0.04420683398208601
-0.035800237006802606
-0.21548101310808562
-0.32105859770566625
-0.33619149430705736
-0.3110249012369533
-0.2518253649565712
-0.26041667772997973
-0.296386810461142
-0.32680701347327706
-0.32954002624966755
-0.28258620907986864
-0.18557885909124516
-0.05407611259824732
0.017510730052029567
-0.04666738288853368
-0.11797452728335547
-0.039125292939509344
0.17505558548890923
0.42366947150587553
0.5702636118578563
0.5764845298119182
0.34247531996122593
0.08907044069294873
-0.023240383802329297
0.010651106950851521
0.17842837774521644
0.30747698864924505
0.4539627970397433
0.5651407192147485
0.5967240610923636
0.6077533331889996
0.49601332662862513
0.36481110737568273
0.20392593067653145
0.021761815924716637
-0.004091770079708958
0.014729074100777317
-0.07569450713655179
-0.27408758304122777
-0.43573100177244484
-0.48456780163323093
-0.4510927353452632
-0.2069457862257463
0.06142606037260149
0.0443056889393966
-0.11192954664381292
-0.1988282011134663
-0.040675812520347986
0.22552524865902432
0.34990725199149847
0.37557804619304247
0.32426223360733586
0.25176339678705045
0.2233390018345356
0.2745010581973839
0.4262078380543383
0.4889280405354343
0.3365968813303426
0.036388440342462976
-0.22561213481365228
-0.36804762684786263
-0.4393963965325602
-0.47136249500108446
-0.5021741963234942
-0.5368861750525218
-0.5102737669580164
-0.4645950153409005
-0.49644428522351225
-0.5099604539321602
-0.39994914280088767
-0.31583329622868334
-0.4126152814241323
-0.574075246596142
-0.6239079488780983
-0.47471375975222535
-0.13866352182631672
0.21020730538134524
0.39013031289227956
0.3273521863080982
0.1374297956194182
0.0281230752388348
-0.012738666299568917
-0.03930892215008715
-0.009434063539228058
0.08728994853414847
0.27941692731832235
0.3366414477594442
0.18566027145898067
0.03412491916973273
-0.10871888468732627
-0.10219788883392407
0.06184194562895649
0.2130819013321318
0.2924853075798468
0.3596013694271028
0.42780912496614626
0.3393604901245123
0.09452212819200409
-0.05601322042081983
-0.0430756800056862
-0.04737954707272906
-0.09697450726726907
0.014465972857369861
0.3043416933854187
0.42982380533579845
0.3430666931913852
0.29101755655872
0.2846887151347348
0.2684391251581373
0.28055588348350163
0.1713700112457726
0.06005916591742506
0.10177134194787565
0.1823372334745761
0.16013771884424666
0.12081762853493276
0.17806714865947368
0.2809118838772875
0.39342320419962
0.407352398723709
0.38536958886550043
0.27516706283539705
0.18141012103196405
0.15813566086377173
0.15219427368362573
0.08967447716144117
-0.06443586702946164
-0.06154399188572367
0.02474263602054059
0.07964633617793239
0.15157896284810118
0.15110838057197803
-0.0017769652426787078
-0.26265676374196245
-0.49246598592909974
-0.6306974870824756
-0.738233298516236
-0.8333195127022491
-0.9086433137488863
-0.9399386690773114
-0.9853294341452374
-0.9999999999999999
-0.9225295758101102
-0.8133557132242197
-0.7397026426544435
-0.6932109928346495
-0.6087578139329118
-0.48868417107463097
-0.3855143991232137
-0.30077776792859234
-0.20824956873503642
-0.1986619858980544
-0.21564902568635771
-0.2383318675294553
-0.2731312226029817
-0.3009639992304019
-0.3043554187018056
-0.23787684878173518
-0.14751945543173267
-0.06499529621969656
0.01012895261538763
0.08638652860196623
0.17627309458091012
0.271992960873453
0.36821273913606484
0.457407606357926
0.5677064546976733
0.6434975700879605
0.6890178269801321
0.6868471028348905
0.5579157290083335
0.36221011907120454
0.16334617494631398
0.10662626412819118
0.11674300693087629
0.058468949126869715
0.0323694757133386
0.0516402774311273
0.12151459683312833
0.23495499035755674
0.2888128459157584
0.3221376281591205
0.32757530439769755
0.2452848432066424
0.11893248083868217
0.022042241295146998
-0.040673431014558226
-0.08843928038492976
-0.18978362610604194
-0.2878613873762219
-0.3198274041464344
-0.33131880274391945
-0.3665848185746014
-0.45995822765316285
-0.5127908919454043
-0.544048666050389
-0.49534503443788086
-0.4021750133066125
-0.3798751731493596
-0.40329963141806613
-0.4556486417042921
-0.45830669627958137
-0.43539440472771784
-0.41846937395809114
-0.4018987096160138
-0.34884501054112466
-0.27497078264123287
-0.15584708690371976
-0.01932365235570955
0.07687945945128963
0.10810010167354905
0.06799243963822353
-0.0003314906959920034
-0.04993065855783689
-0.05045965512691628
-0.08680069819377287
-0.12411252145091299
-0.1856199124929382
-0.2766227633555294
-0.34938830431477375
-0.30175536992791346
-0.10010776007329972
0.046278049583522426
0.08571938018758749
0.06041573819939371
0.03141626882992903
0.007312587136355708
-0.04232409638603432
-0.13582691559052967
-0.2653167790767355
-0.28811211949521875
-0.25922898852179566
-0.2874826340025923
-0.32938194001628246
-0.3259109872383152
-0.2851237994943691
-0.3047692206512091
-0.336606154088735
-0.363384859096964
-0.35287228797347747
-0.21899465325398249
-0.0187220300723316
0.1500468335572548
0.2174294769960021
0.2719831162268779
0.38785264565685645
0.4613475074457799
0.5216302407935193
0.5686925533214244
0.5946423881070134
0.5717595079474075
0.4721900988998914
0.36794570820385847
0.2848843825915603
0.2412975979470848
0.175240264522794
0.0718167376148423
-0.03420259792461778
-0.12360546087855913
-0.1799504581437081
-0.2185831388573102
-0.2311119834675296
-0.19836223479196138
-0.14250031964464502
-0.09710906438684803
-0.04485539603052412
0.05960173706950606
0.18943775630292262
0.3028156097696475
0.3268488021597766
0.2588331602009942
0.1489096747549357
0.04907360241761644
-0.047712549391735644
-0.08457441919648892
-0.025741687911631835
0.005199729905381099
-0.042191173232691906
-0.11176516964041712
-0.1452062902798208
-0.16660585588989682
-0.17647227506514415
-0.1649680906818582
-0.1478598514479596
-0.0851063569047941
-0.013594611342748518
0.06108791105994981
0.15488267918175871
0.211198755244521
0.24222356661333128
0.22857798777874952
0.20156178577803954
0.20908681303463883
0.2481823146847405
0.262528088900835
0.2547949760440125
0.2447243927875096
0.18735024188827673
0.09278072867541301
0.07883940195201776
0.1591176745719315
0.20863800335861757
0.2077464705308062
0.18690102372069634
0.1694971999946079
0.16648486069008112
0.18619723361346321
0.19478474741537177
0.17481845613883154
0.1290607839524908
0.1130069431310306
0.11946115061451427
0.14431929170831578
0.19461044406708902
0.268151302005571
0.3239131775700553
0.31029263926804845
0.29775125396696367
0.3166219708819047
0.2988639441248906
0.2629020220740669
0.23415250868963666
0.2095112766137357
0.25361496647714016
0.32177255925272186
0.3265475804840707
0.2517403170139594
0.10899641385260235
-0.08492600788143614
-0.24298642460001527
-0.3185561784144073
-0.3255310083900081
-0.24907768733320776
-0.12962078503090851
-0.0817254356664601
-0.08016704036836134
-0.06324633960926149
-0.024230056727222813
-0.005926023812606948
0.028906962370983044
0.08935630308603118
0.13220584216458042
0.11833943279313047
0.058052818775579225
0.020399206545995537
-0.01655856890701139
-0.05798713333287037
-0.088307460158797
-0.07106593012915277
-0.06337427916558246
-0.07179075755168132
-0.03537030372572896
0.06256187115277544
0.14955251792154592
0.12301126905664185
0.03005421499972835
-0.10487730751775609
-0.1913636306076189
-0.12648103720908763
-0.0379071057515203
-0.07376908217257051
-0.14683474188031115
-0.16524692702012353
-0.031769368933645036
0.20011527631798778
0.28823503460536243
0.28054771365231895
0.2809894564243671
0.31783907148234636
0.33015987134149855
0.2992310963382408
0.31534764061402815
0.3479514761046735
0.35486809603309755
0.291643978364653
0.17248306904610275
0.07640103413723111
0.046130624979830726
0.06962207586423537
0.09010519066139276
0.060609812539138594
-0.019280785251493952
-0.10715044049687278
-0.20144916465518614
-0.2676441188857494
-0.30942684140846255
-0.30637683918218356
-0.22202786647718104
-0.09041278480542117
0.05746455008126939
0.1665548761433168
0.1810214004642915
0.1444719450039644
0.10028504540996416
0.07352292515903597
0.10470590445954318
0.18021752992507037
0.2663123547046585
0.27456641684684546
0.14625558254777002
0.02096138488442344
-0.04397526011721257
-0.08852461427163298
-0.05680830839151955
0.0026867931819490845
0.051082073715569776
0.012870078034142541
-0.024337743272041898
0.04510723107673064
0.13331448825607192
0.18818466759612112
0.13767701471100652
0.0019412760704419184
-0.0831659403005926
-0.11305302097890099
-0.06498275552883112
0.014595415662628454
-0.014570848980262095
-0.10973627376450706
-0.19866010683688237
-0.26015099481991855
-0.29515888483438324
-0.27915483913398154
-0.24038449676495108
-0.24525939418250828
-0.27383399148131704
-0.24553851646486502
-0.2113889080652982
-0.2139722086852658
-0.21477215770551925
-0.19830569956017713
-0.2035014262482787
-0.21373046338056992
-0.2108096670344452
-0.23913010088516035
-0.30215430278456434
-0.31723736341574105
-0.2580881532954444
-0.16295602465818446
-0.00678716078350315
0.07794092476770105
0.08024093649140882
0.08034926845289132
0.07518266721295604
0.04358306737128737
0.04636219884470417
0.12744450540046265
0.23783060753724114
0.31029635654123655
0.31249632868211225
0.2663511205536204
0.2184600603505429
0.21774340275919707
0.23786814791152563
0.21081428298906343
0.13153195363947598
0.03351237790697911
-0.026207699167208255
0.011291817791523063
0.08858249752556237
0.14078600311842454
0.12107791935641336
0.07637844455401095
0.005579345196200538
-0.1111150144748984
-0.18522657597064743
-0.2467132973397804
-0.29612521246667217
-0.3043876078366654
-0.2628340082294709
-0.15802283549513874
-0.06453239358488515
-0.01610384835812945
0.0018334028449803125
-0.010483127051904162
-0.011691469593318057
-0.046845199264225
-0.09027385682615946
-0.052686832805630315
-0.009795754220432665
0.03535364952486304
0.07773639304404233
0.039295205003531404
-0.03813300975355295
-0.0744742611511047
-0.10622385909328762
-0.14101929264784635
-0.1362152276666431
-0.11350722274350283
-0.024587539945368338
0.0052912115900493085
0.00834113620293207
0.04861143506761147
-0.006425421083311444
-0.07166212355970983
-0.06145812695999356
0.010224245526302566
0.047798741110713056
-0.007525615484444436
0.024586432933243082
0.14753481471435614
0.136705744330852
0.046294348396731896
-0.02853807815342207
-0.09167065286346456
-0.18154872221797844
-0.18157380359970932
-0.15808664187667557
-0.18312386567000172
-0.09707503703997213
-0.019305229386392574
-0.006522111035358621
0.03178984253058886
0.008281749700065073
-0.08389632320832538
-0.19924073673903636
-0.19975743771218582
-0.13478334220440835
-0.15042901825998117
-0.16515391349210853
-0.18153295444379583
-0.14132933774122958
-0.054297188230051
-0.047539022177415236
-0.1160090292974231
-0.17279589188208808
-0.18302084409878797
-0.10271773519207886
-0.09088880001928079
-0.13007171886303728
-0.08853899317451452
-0.025852352359917008
0.03254266796458051
0.10286671206369527
0.13261208702013985
0.05358383942033414
-0.011232096325577576
-0.007511391808355367
0.08859565095376652
0.16174880955347376
0.1768985360071012
0.18637329347545026
0.14964451022066305
0.07477037668232142
-0.022336796388607822
-0.0839527767417978
-0.004408036499537792
0.13901506966210803
0.2027849729027124
0.17658938959514808
0.14361055885321714
0.15847274809836967
0.13658544356668686
0.0692778808765085
0.04540722727775914
0.11694373968303505
0.15748060379954337
0.040377842437452786
-0.07352496761683165
-0.050154552781398604
0.035006770747592654
0.06499795141483093
0.04895636534014479
0.028898196142124015
-0.002543178170537873
0.029277141506786473
0.06755988792625583
0.07161804732047919
0.05291816157556828
-0.010472796300373647
-0.017893650039562406
0.019001601695403363
0.06963000060048259
0.13666652914117508
0.16940765864484558
0.15741189551929693
0.09286675699776677
0.030054921690125656
0.062158567436441776
0.12021604301579512
0.13988233809130682
0.11476586693550858
0.02959181072461909
-0.010303644030651572
0.008812653924725626
0.032337225304744914
0.044836932212051234
0.02556622036240554
-0.017387533082710144
-0.007996116062255747
0.057411241932802316
0.08211080660334776
0.07251497223687117
0.126284961260703
0.21281290964044164
0.25295807120089575
0.24369556594667302
0.23908300180839212
0.27682819376061824
0.2750197607791731
0.18734987424587352
0.0965217352231242
0.06813859791808191
0.09050485880285013
0.12367927530329476
0.10932096039633483
0.03463427954956452
0.03723409548326798
0.0895374282433515
0.07228335752284182
0.02717542792554506
-0.027953191769221876
-0.11193146655414085
-0.22001355374993206
-0.27844631052466245
-0.2904296146576575
-0.29267979041115083
-0.25819705714510965
-0.19581051056951485
-0.1623485977097512
-0.1609196125375863
-0.1686363448828875
-0.19209454455437858
-0.20895282780324267
-0.1862199457441511
-0.1267041961478429
-0.07570917198352471
-0.060342863305244084
-0.04967236934499603
-0.02844779743393772
-0.031243771014337642
-0.04173962666322444
-0.012431856459334052
0.02506332231903926
0.036200509715767486
0.02856708922395182
0.024346129603750932
0.011591944709850487
-0.018820349905699724
-0.025545444481707952
0.005108150182738699
0.02056193324349242
0.010141048050453608
2.015791875184587e-05
-0.009946569304065185
-0.020271626462246596
-0.0513172423061636
-0.07110052936421148
-0.10091285608719824
-0.15487066952992015
-0.15371255511061746
-0.13948793949096233
-0.15138799304420572
-0.16820461015403806
-0.15732161888472818
-0.10200585695197487
-0.07533139898963698
-0.07591076256795767
-0.07072769911818927
-0.06726544721043155
-0.058378264000741815
-0.054370185671668375
-0.0753784572172493
-0.12523219681450112
-0.16602771778625353
-0.1516114379270524
-0.07913339332712697
-0.02370931168763794
-0.038601002193191174
-0.0677175248189259
-0.05878034224239807
-0.02616846355295337
-0.007410584261392114
-0.01476487430101988
-0.03060239024750912
-0.03702336285774159
-0.07160648700935567
-0.11177284928172886
-0.14213516903993453
-0.15832687576260268
-0.12464417321512676
-0.06859512808457081
-0.02578756151372266
-0.02827525468427483
-0.060933419552285074
-0.07892922924587148
-0.09522926793002212
-0.16619107356075147
-0.24912776839835768
-0.28248592440210113
-0.22692016563515738
-0.1534421745476262
-0.07564340484250404
0.06124628323742632
0.15026157756989186
0.11242431162023682
0.01828778720530908
0.0026627452838628267
0.0393828713770373
0.0651989701110811
0.10789401768196562
0.15072656351165487
0.1855342109638317
0.18381732094078873
0.18983366632203594
0.2381411428204953
0.2541073622025211
0.23081153792578604
0.1990241953635391
0.17691589689836443
0.15026598927873053
0.12394941077135052
0.13113240804548634
0.14401945890391094
0.15680655187781525
0.19293918255120135
0.22885927506636963
0.2525128970997508
0.265679111089688
0.28182032825564707
0.2634869819867477
0.21464148125575205
0.19797061393421894
0.18141220433891564
0.1562206115853925
0.10491680865152442
0.02406757103974582
-0.019436314327718886
0.0013964823157876676
0.054937212804903206
0.0876865121397564
0.07699886153402469
0.054211364153476806
0.04911951686886318
0.07269809900283124
0.0714103293626592
0.04419788801694095
0.027414501695444213
-0.024568455219725564
-0.0746389240985919
-0.0583560829090808
0.018450983668098973
0.055766900010661626
0.04344177014098269
0.03032080884596641
0.009812445185538908
0.01323711586985622
0.03711568603502161
0.040565352317842376
0.05336905455854113
0.10182232169445567
0.1396465567633743
0.10826333490057928
0.032247320397494963
-0.016769019673361977
-0.049243902548619684
-0.09716024837920761
-0.11505201527268241
-0.10001082502631707
-0.1018360878599985
-0.14029426097953826
-0.18203985161952604
-0.18817760069214806
-0.1872945644887667
-0.19328648207477764
-0.18708267991704353
-0.1538792605159003
-0.12136329155962486
-0.1009722099107405
-0.1154056872645812
-0.11774761022225616
-0.10286479215336733
-0.07694878046887478
-0.037153757448332964
-0.022741754495755974
-0.030883632601057746
-0.09352067028562953
-0.14674944884276384
-0.1498205700826501
-0.10836308853931996
-0.07647215251767644
-0.08070159242264496
-0.07835611558840552
-0.06450661776750376
-0.03349066658061111
-0.0018247301606883245
-0.01947900169564846
-0.08553265869590704
-0.08922877202126933
-0.029467363771128713
0.03319401184053633
0.05773084572866928
0.034743322286359936
0.004322539216210905
-0.031302344619001964
-0.042931686731091226
0.010438119451918705
0.08132854526760486
0.08065322702204343
-0.015179239968774905
-0.16427769909776468
-0.2737766392664145
-0.23991485401941393
-0.1247750539106735
-0.05008470072478657
0.02077657104832414
0.125762378009102
0.24202307895610797
0.28140137931259857
0.15249435158296604
-0.04403686064433007
-0.14510674088685965
-0.05998318648742602
0.08941038736846062
0.15000512656906712
0.1524047285348919
0.04478905700132065
-0.09245953176246542
-0.2029001675223884
-0.2804453865167557
-0.17968869675261465
-0.052261511394259295
0.013224803934263903
0.08098606594442635
0.11148531207325396
-0.0029802494331158387
-0.07609217366936938
-0.008764243590052576
-0.0531223665059797
-0.12448433046803736
-0.13426790755509224
-0.09891038961516418
0.0538664338809435
0.16788545569888613
0.10852333977796849
-0.012021338782066076
-0.04061718989669657
0.047877130640911
0.12620910437817168
0.15892498910348765
0.18202016232637575
0.18660719574221074
0.13307833928573617
0.05968723435283295
-0.0033415287633203985
-0.04972465626456527
-0.03176276771004942
0.02033618446825224
0.09483903594358077
0.1622669402470802
0.1941077952035738
0.19321160557198827
0.11228722185299124
0.00910899412629987
-0.04249076094216127
-0.01378316696152949
0.07785693890314296
0.15141809887211397
0.17733823632135376
0.16107136715180484
0.11268823801659374
0.02642644231220928
-0.026464950811488905
-0.014790498976524399
0.04370001850466763
0.058824418481628706
0.025936942791982616
0.02029077654653883
0.023694495698788124
0.038902232038728266
0.05345165155179816
0.010418446498430779
-0.08108912836479602
-0.12880976588940252
-0.08970650289967733
-0.03127849688177968
-0.004183419245916412
0.004882720030914641
-0.007696704004156809
-0.01025125090327696
-0.018189067050213007
-0.044201646139285004
-0.060314350594416484
-0.09220606275002237
-0.1269726976496621
-0.16448513111149327
-0.22550560021502994
-0.2778137204961865
-0.27312668834667536
-0.24332330758883364
-0.2050242419315768
-0.13757550455856155
-0.07571423727885798
-0.03909428843017102
-0.01507418410959665
-0.0027789353974684143
-0.017883339712609848
-0.05249165553867577
-0.08073341391510155
-0.08196714012200008
-0.05140547648293669
-0.03881440226859872
-0.07407271394847532
-0.1016519807142965
-0.08976508058925724
-0.05738256582535106
-0.042320705906093506
-0.022421399075420203
0.009690253105454955
0.024289627051291424
0.019605911853240416
0.016368007594675067
0.02753409168429648
0.03310441330195573
0.0326289699762789
0.026453598831060552
0.030453102922307764
0.04348163891715423
0.04733530743687478
0.0823302482689149
0.11548354575575227
0.09830414729225241
0.05453341889869858
-0.011070354092738204
-0.037420477926954354
0.021169993353842332
0.10073520310813057
0.14011342176630934
0.1200548522465606
0.07200917798835063
0.052579808017137034
0.05591264979896087
0.04387481204282135
0.03470365367105237
0.058823724045978174
0.11510168784627318
0.15512989827334703
0.17361671482101326
0.12495850746988088
0.01651359807126625
-0.008674048653795641
0.03399161203432472
0.07980724100307553
0.11505630443405332
0.16736352603377977
0.23023723964279863
0.26631129262660475
0.28338146044719204
0.2675311709696487
0.20426902273704864
0.10171983116226876
0.011658001879878154
0.010649203380185953
0.059456436621921856
0.1020720734337106
0.09623003140074615
0.024876274034111495
-0.06659805370111735
-0.1351435092120974
-0.16531024321178936
-0.14716929646724242
-0.12071595498586414
-0.07172539890221978
-0.012822464258009803
0.0032518452584955008
0.006097157266390825
0.004330022781574253
-0.03041169004804269
-0.0878114697076957
-0.081124544582973
-0.031133988907820202
-0.022217925344899633
-0.06563037804668323
-0.1060511897112414
-0.13011387519193995
-0.1387225897057676
-0.10039023198644134
-0.0688911210683198
-0.07148328595512066
-0.05412982923827353
-0.023522373695431142
-0.01821877255639328
-0.03276076160800251
-0.04235281334264149
-0.035470061449385235
-0.01106670217819954
-0.030862791361710693
-0.0861167607763137
-0.12026265190269239
-0.10957581828007897
-0.06145608450219788
-0.042806851710619674
-0.026765878373272232
-0.019087319564172183
-0.04373751802979619
-0.07757507972734005
-0.07162151949873184
-0.02547261043671424
0.02012212672143449
0.020900768821963445
0.00030468454035100043
0.0059499328235631
-0.03245426222135259
-0.09121236618327136
-0.08321716514210807
-0.029201689030898707
-0.037235439420497535
-0.0453233639606688
-0.003570239102364308
-0.0014207871550646213
-0.04195412558092606
-0.05142953663576972
-0.012063887262865542
0.027264258499994483
0.05314675345206004
0.05532952809829614
0.04278332259681352
0.03620787890349427
0.04756553327960308
0.047785832777444394
0.04095622155111598
0.046968114374368625
0.03512608296218471
0.0019926365311550382
-0.047682280167203765
-0.10038631046747365
-0.13991550760590857
-0.1651240527591358
-0.15091643038834066
-0.1193423612691179
-0.08759746097986502
-0.07268151424553038
-0.05889471987895578
-0.045945414906919065
-0.06493741296576717
-0.06502960951066387
-0.07620916565190555
-0.09646777348816252
-0.10278909866745968
-0.09135644115617816
-0.061732347343640664
-0.016095972640869333
0.0031574052779560387
-0.0008472552022421284
-0.001501958512780271
-0.016085654144085592
-0.02839437490783409
-0.020890850646907655
0.020241410341617406
0.060090374672542954
0.06860219498854385
0.04288115632522627
0.01668509099762217
0.01033045333167758
0.02407972774854567
0.04200812816504366
0.049157465734706786
0.06372758351507803
0.08196011406718297
0.09198858184393906
0.10640036829598971
0.10508731302830723
0.10704088306071285
0.11024031149932333
0.10106902241025541
0.10881006000332512
0.12805091111999806
0.14960839956683555
0.16921591270698777
0.18524434535346979
0.18843956632902115
0.1601560192660959
0.10330200066910916
0.06496028849307872
0.06975132259354559
0.07195905607404482
0.06977934511450222
0.0842619231537509
0.08404052072869991
0.06364020717057912
0.041935743460765
0.033235306252249255
0.02793063486532646
0.02270096661357638
0.042325158464088075
0.06326182143935268
0.051611397077896484
0.048460865078914436
0.051335256783921444
0.014343474408616556
-0.029594041088531964
-0.029536284466985915
-0.006791315142659549
0.005316288886864586
-2.5887225284320334e-05
-0.019501215466634202
-0.05077223286796613
-0.07700580589052998
-0.06670234159616442
-0.06629875193573938
-0.08149500557795224
-0.0835038853674647
-0.07631288165876984
-0.07279266479877093
-0.07054330602839587
-0.0544024156556841
-0.04946555006860615
-0.041257892567536925
-0.017825456458680465
0.0036486845959058526
-0.007935087423321028
-0.032231197235655915
-0.015611162603741537
-0.008403508779096342
-0.012233215183958045
-0.013083792648050617
-0.011701065060042131
-0.025830641033549002
-0.054718383876674756
-0.05408146383767199
-0.055415352174870335
-0.08514892172525593
-0.10028680192366844
-0.08841673165086553
-0.08680482395852013
-0.09640531512877083
-0.10878906353718559
-0.11328545267604863
-0.09741126644229586
-0.06213311841230769
-0.030238293551021207
-0.02388897036026096
-0.027785350757404622
-0.024840151125537217
-0.008345127165464816
0.021520560809891703
0.029336532094569063
0.015006946398963085
0.021222933859906184
0.040076261289174846
0.0599837583756088
0.0767829328958661
0.07617399452866405
0.0723442636143088
0.06541044619124513
0.04826838385625019
0.018722316016422994
0.01648007316900807
0.02530435684842226
0.017149688872403986
-0.0012840172367098292
-0.01918439758320054
-0.02190163441557725
-0.041906168671883647
-0.07133557540733756
-0.08937758549626208
-0.06964094817426739
-0.025008800950641556
0.012627609699386975
0.04036415388530618
0.050530079071711094
0.046896179010805006
0.05975373677866007
0.08730277516910528
0.10720607704722693
0.10231385958756241
0.07597191375436013
0.05474240318035188
0.040954465037411694
0.04326632301633435
0.035032481206324594
0.01748625323780622
0.010331564428718427
0.007110155059310931
0.008376188863621415
0.017671287659347452
0.03699126359102478
0.04591967993869358
0.023077702038903917
0.014164693992845678
0.017830697405384163
0.009542681444801965
0.016741973447231672
0.023153771337045975
0.04337371544723086
0.050523012167738066
0.025718542779891267
0.016722202455769553
0.024608981667307316
0.01717928817077888
0.0003580439953579019
0.005361525242123159
0.019673219007439038
0.029080808208719576
0.025913560735137748
-0.008444962502517328
-0.043074331983541055
-0.05457063247973575
-0.06025867319490644
-0.06497589287063767
-0.05966411373058592
-0.0406399755558651
-0.025424126573560545
-0.018149847775620485
0.00527423059593608
0.030231618798944943
0.021564432803342765
-0.0013942376546702228
-0.023119588763377587
-0.02631184409020964
-0.03492070157608298
-0.055162740994701455
-0.05108840533473636
-0.03428093026599745
-0.03456073064434233
-0.058152735810943566
-0.07401148106376104
-0.0659997361144528
-0.03773821083148048
-0.0044142659958145945
0.014805690777608616
0.022254963274566372
0.01972102885952016
0.004345590394892874
-0.0007383125458787082
0.0032860029141787827
-0.0029145533696264465
-0.0028485223430585642
-0.006257445269279678
-0.008078892791798797
-0.010766991921262434
-0.016663387841085345
0.0014774122549918688
-0.007123116496482274
-0.04062332952483036
-0.05436544716958241
-0.047703685124902424
-0.02554626146482622
-0.02811769948991659
-0.03766821580282276
-0.03729386188328497
-0.028519606165118006
-0.02239949167310381
-0.025287596439750964
-0.019188310932337048
-0.02686385507373068
-0.03311857978922652
-0.032456729510369764
-0.02717410441289346
-0.017658195504877187
-0.018500492845066097
-0.015534505077754326
-0.01458099182567541
-0.014873296130645404
0.005242474462128952
0.030629011642417922
0.04749065677681369
0.05808570234608956
0.065909949669755
0.06313853868680584
0.06211289808013052
0.06919548812903104
0.058320013104409214
0.05394858153348548
0.05357293269570523
0.06027219426551379
0.06736315839137658
0.06379171668986218
0.07218262350435921
0.0745652730704799
0.08510198604511135
0.09650539556075882
0.09034648662537362
0.06787945087296687
0.058262252397947564
0.06829067932554775
0.06077345425772794
0.054072885514930155
0.05052227688293163
0.04914664070838972
0.04962518856991598
0.035945529284555626
0.017670115288572732
0.0068196072680452155
0.007802278647615164
0.00993493954937662
0.018188356274900112
0.03347501318406507
0.03134522806287992
0.013857300009681248
-0.009947210635813027
-0.032547569863290125
-0.03785232294852475
-0.015890742396644484
0.016449865218210062
0.016528381380791338
-0.00840944824636616
-0.02988898833388956
-0.03896035630267754
-0.03972350023345292
-0.0390199919853956
-0.04554970913358531
-0.058658530059464115
-0.05585921910302606
-0.04482667907391695
-0.04713187864042571
-0.059873138861395135
-0.06183022192120933
-0.06506224798623873
-0.07023326093501267
-0.06132336559463503
-0.04102235633453988
-0.020941074684103264
-0.02904824326162536
-0.05445494767018882
-0.058915307853536165
-0.03957471535286931
-0.022300800112416877
-0.009404946260892937
0.013577070715199277
0.030341654170229052
0.029428585667420057
0.00414397938588196
-0.020610560078691813
-0.022452771227161744
-0.018578972243407047
-0.012232447219826872
-0.007173070929248853
-0.010053859612071905
-0.009820684460286654
-0.009976626112986314
-0.009231549763871454
-0.0018239952843734412
0.008221019259968522
0.021301560315208426
0.021686878148193384
-0.006242400525156748
-0.03388512236977391
-0.03823088024620603
-0.029092299076278035
0.0012745422749957005
0.021856434824559002
0.007366969617623306
-0.015829194973429665
-0.02996627902179343
-0.03062492672682658
-0.03647248339583935
-0.05489628195067791
-0.059012406297142474
-0.030341850246177436
0.0014455372501410316
0.005418309653758469
0.006358718496620345
0.013009998647892937
0.007230194388878244
-0.002103114298797687
-0.003940625343388217
-0.00392046179153777
0.003877515439959706
0.022060741877860206
0.03582133151091632
0.04236923470331871
0.05207687320953044
0.05083338405436859
0.033110242476504584
0.021470512424066526
0.01925292204224538
0.023975305051284073
0.03181074912858538
0.03846705372603533
0.043010198808756915
0.03917254724307004
0.03723037004024867
0.04038989293844726
0.049137898989024244
0.053801034382326036
0.04655978621185761
0.03766324037563249
0.03720213101876569
0.040005759730983796
0.03983702412265204
0.04076039478258241
0.04442697008330368
0.04820706927322407
0.035988882493726594
0.02010884666084702
0.005811384741451394
0.002046659131359039
0.008081315146744464
0.0009405175016166052
-0.013753759654187386
-0.026238429987201956
-0.027601639848514988
-0.02390599628844569
-0.028562808232412088
-0.03699349395493766
-0.0400736877923523
-0.03398153454756087
-0.032292283063408915
-0.03714507291778576
-0.02956523426378179
-0.02396593017000193
-0.02181772207949981
-0.031890748115526314
-0.04065265513386064
-0.038162180135790764
-0.0374789902578848
-0.03419206701222329
-0.03494148971152734
-0.03363780524021142
-0.032903129086192126
-0.039445374670500494
-0.040570556500305756
-0.03876175587645744
-0.03614939108205737
-0.028394031774924416
-0.024750756832736184
-0.02015800861998888
-0.017185288911782573
-0.01709668300769067
-0.016881992098956262
-0.012819988799161446
-0.010519817763745639
-0.016015977738843994
-0.02504645570256259
-0.02648869234090581
-0.02244288573143069
-0.022973716427610598
-0.02463343805695271
-0.018079701605085884
-0.007494541531541062
-0.004621350791717915
-0.005999372556965169
-0.00922089221909363
-0.009440967046577433
-0.005243397653052596
-0.0035777569810186223
-0.0018170072192713244
0.004271939366780894
0.008913620783396942
0.008171248648403554
0.0024789379709652367
-0.0024478476783994976
0.0012050513249219474
0.00469880487624544
0.002907166616762614
0.00445516825563075
0.008439394762566324
0.012799049521840205
0.016295149040187806
0.02055783198823871
0.021799209242039826
0.021622512133220535
0.01921342907830824
0.017180276720351988
0.019420289203854035
0.01790436477315851
0.0167864745176838
0.017033330051784475
0.017014862148395996
0.018719709840275715
0.019217428210672165
0.017757365000688308
0.01558702483751227
0.014325786724106025
0.014215440899236978
0.01564981815998245
0.015436838830880817
0.013821140336866648
0.013868129120913909
0.014274692599889461
0.014583928879985587
0.013250159005339393
0.010479520071437005
0.007838099272435683
0.0058572420038798525
0.004117018942979072
0.0019842534673784767
0.0011220074418992242
0.0013236266207413221
0.0018735187585451328
0.0018799042985975258
0.002454921118237473
0.0030112139102813646
0.002600026715347967
0.0012600873926841612
-0.0006562298434946289
-0.0012011191851737171
-0.0016476543801937148
-0.0020838494283773367
-0.0032883929982912797
-0.004563467537788532
-0.005393342649664158
-0.005643662192186291
-0.004993731697025079
-0.004828790975277683
-0.004428342614942376
-0.004163092705933871
-0.004429641618100424
-0.004367036201747445
-0.004262670693304129
-0.004327710719349551
-0.004271293950117462
-0.0040796276681136796
-0.0035621272769830116
-0.0027148786106058293
-0.002224629916859713
-0.0020566684000325156
-0.0017712859845320586
-0.0015477671647131917
-0.001299641630355171
-0.000985209746118411
-0.0007336639119357557
-0.0005447786404665627
-0.00028413766002146213
4.2908892902091515e-05
0.00028665229321033923
0.0004828619408822846
0.0006640822767358746
0.0008237996169166158
0.0009642778216452324
0.0010620041167779329
0.0010991012777207478
0.0010702344047113781
0.0009843037118402503
