-0.0036227571830085383
-0.0035706878638125552
-0.003558016863586109
-0.0035153950155182288
-0.003502041346422815
-0.0034430687464201506
-0.003400426917800008
-0.003323893077404659
-0.0033147463135881077
-0.003315956469036804
-0.0033797403860242694
-0.003437241085343599
-0.0035558323232054135
-0.0036344058449775548
-0.0037184573681616558
-0.003773630333142408
-0.00387736603039708
-0.003969749443874628
-0.0040948843126024
-0.004085463482210648
-0.0039116226872510755
-0.003579762364631758
-0.0032464324723935367
-0.003279452000053281
-0.0038711554087354975
-0.0046695449762231426
-0.00553515911179785
-0.006395508371851397
-0.006823431859656601
-0.0065666484621634946
-0.006075379963502191
-0.005564703688409948
-0.005080721431140357
-0.004509767159964301
-0.00402505561253713
-0.0036190774313002013
-0.0032336262704301144
-0.002872123466492614
-0.0032398052562172814
-0.004404612843498994
-0.005824997002917161
-0.007190820934290623
-0.008392810997295965
-0.008928885884405845
-0.00878913524169808
-0.00851359010563052
-0.008299481837677994
-0.008067154636154143
-0.007665029371411824
-0.007043484341907211
-0.005455060407869673
-0.0053097518415409
-0.00791828953152265
-0.00970576971747499
-0.007942675795558988
-0.005970045822066522
-0.006294020486726253
-0.007637479519933931
-0.007270609939658731
-0.004918799035605343
-0.002758584977288772
-0.0052464068306848
-0.00833560667616853
-0.002250574440877546
0.011569212633037175
0.01549735923700931
0.0025396094468051094
-0.0186914203508585
-0.031357085769850676
-0.026189868527966113
-0.011983476083278941
-0.00249870359516737
-0.006047590345397147
-0.013366606503003742
-0.014637456209289626
-0.013180540940151584
-0.013758884685572707
-0.01791569205972853
-0.016446934983282938
0.0024496606636207423
0.031973575719632885
-0.00267846529378072
-0.052594841021405825
-0.038914889507545986
0.01133808093455703
0.03464338044303544
-0.00375002664073635
-0.062420410800154515
-0.05655032435096506
0.017212952726013347
0.048701463908462424
0.009326252447617651
-0.033160856766081014
-0.014714847548386237
0.043788146204361084
0.04275062272721218
-0.033180327814260786
-0.0673333288932106
-0.01330919238607755
0.04183175042958187
0.014158921982603599
-0.06741118644519334
-0.13117745394482702
-0.0831231268232254
0.05481674503483276
0.10381511994991541
0.015777593142674462
-0.055520859696562015
-0.028095007526008017
0.03998891079349433
0.05653047700238434
0.015784443142008442
-0.030756340495251288
-0.03814687037949729
0.004352060660956669
0.031313411612696976
-0.0033911792521945307
-0.030992810331277553
-0.014946392178279805
-0.002353871232000852
-0.017737828513580113
-0.033502124598723905
-0.03276610432512354
-0.00834455463349007
0.04054710082186671
0.05268795039494891
-0.022626446924993007
-0.07703818283537356
-0.032550757262930746
0.05724724601387982
0.0759573015598151
0.006691813301719659
-0.07616323445180025
-0.08163177840235504
-0.014774642681123705
0.037914096945639575
0.026799791536238057
-0.020897479786341294
-0.03448596699212766
0.0029263853182901972
0.02413988051629747
-0.0033823911392910897
-0.01897323938033647
0.009193731434736856
0.04242061060567714
0.051491348420870345
0.026515631452053334
-0.022049388595100767
-0.06886417220571976
-0.051333668562599064
0.0024923437853822277
-0.011861031928922515
-0.05351644399451201
-0.05056062099556432
-0.0142914663061287
0.01919417100688663
0.03993932572296298
0.04691193904599523
0.0234973126157207
0.005980885271668909
0.02488537157167024
0.04769814047660277
0.029676861188443246
-0.017066368734431816
-0.0157011875108228
0.04146357545322552
0.06928546215017382
0.039162615054680106
-0.0056867082706166
-0.046079715743343144
-0.021981987532135386
0.043989317064723664
0.031170420790430645
-0.010075173497795478
0.038586842140316754
0.12236852796611297
0.12283187697307951
0.04685302971774139
-0.029791366403367388
-0.027228251168862308
0.0455156980538942
0.057512188136880096
-0.014345810078190562
-0.04220005860961997
-0.009471281286214751
0.015311330305169636
0.014671286614362022
0.007501568473352603
0.008849583072476123
0.011170147722883059
0.009262251408628934
0.016390946145751466
0.03132385145125411
0.02654358424466852
0.021744741784662926
0.04130706112716955
0.05248271682229296
0.017368291529577876
-0.005645135401542498
0.0010292908235983642
-0.009692928882554313
0.0005736220079122986
0.022681996190374698
0.038438120229643144
0.05901645731488018
0.060519161349619696
0.0355501978074674
0.0018499960038895473
-0.006240053015065336
0.01723976329705753
0.04983429461990329
0.06829033074474178
0.048643586908742154
0.0012486746233665896
-0.009385541406364472
0.020661046581327506
0.02403199219426425
0.0007638238780919903
-0.0055405405405405395
-0.006438699665658758
-0.020968940231508
-0.01036463841860589
0.024694227618451373
0.03639817244548639
0.015322059861734579
-0.013307640563185168
-0.020398548745887334
-0.010778172578690074
-0.0006610069532321873
0.0031947963981724453
0.005894542645158711
0.0094398219066775
0.010953415342400062
0.0033774492826981737
-0.004471727518548613
0.013593878624805189
0.05628581513993046
0.05138332023497129
0.006716099662994685
-0.024819166011748564
-0.02912459872390873
-0.018811576731980872
-0.009262531136360608
-0.0009724944387462869
0.01308885351591118
0.025139467584884046
0.028659155089046658
0.028568776390979447
0.029795146057837035
0.03209132111411559
0.023272881062432565
-0.00018906907276917132
-0.023556305196275624
-0.030014945453092322
-0.020076702010043555
-0.0022252237821853396
0.022169544976223143
0.045333542019101405
0.04238238114901496
0.012855537277050336
0.042217275185486125
0.04181456715463615
0.0019044097078843257
-0.00282942602533534
-0.030686478494265576
-0.07007875667683455
-0.04502860549065576
0.03894153024389594
0.09857681856326508
0.03164168875627722
-0.044564357358837396
-0.019436831484022216
0.039966599176801246
0.07541090005727757
0.0590995431113716
-0.004821673571057504
-0.04799741584857405
-0.007911709269644213
0.023287759913684015
-0.02059534719539648
-0.06396687224434883
-0.02210834454464321
0.07183201683694536
0.15684047527073647
0.13508844724468183
0.050987472193731426
0.03400630053414676
0.06764725667017436
0.009126626749963368
-0.06449855474005302
-0.0470528019394456
-0.0003289164213498861
-0.019789205173630996
-0.10287363632730807
-0.15314950115221185
-0.10163407616586521
0.009505844311536771
0.02424784876053974
-0.08033713851850864
-0.20446934983282936
-0.29889753972799804
-0.33306281885631317
-0.2850885804483636
-0.2214818243576252
-0.2261088540487259
-0.21806082080108694
-0.23492710428516242
-0.342009444141036
-0.38977994751774936
-0.2507434763496863
-0.05489546841074687
0.04992347448483476
0.07227655082386476
0.03320313561466839
-0.03409674583405485
-0.014145888002344382
0.07641765348394229
0.08481281552622114
0.059890073661636
0.0064878318436721585
-0.05860089512874135
-0.07385225047620315
-0.11302339056651525
-0.09903946825090246
0.03913937101221478
0.22708713518841658
0.32929378738028314
0.3271841074687304
0.25684746846402834
0.17906910607009174
0.14264512541126637
0.042895281925592416
-0.12866786327974106
-0.14988611085210393
0.019381302199192783
0.09238827541193238
0.020213505521292606
-0.059895135401542496
-0.12046351551156874
-0.042184606982536996
0.19147223369253924
0.41843039441610164
0.5694893636860122
0.5914193518308846
0.38611285015917834
0.033843725440571175
-0.042669068773060884
0.22303571190707708
0.3667703435322952
0.20418799035605342
-0.057795911979007096
-0.2584641282485048
-0.4010130139997069
-0.35963728637459536
-0.07992710428516243
0.1260963329026414
0.09678656108054826
-0.047216875574440875
-0.17086942043078068
-0.18352993086728916
-0.06620715836585722
0.061666611165132605
0.11501575133536691
0.07760846109786475
-0.006572272987625378
-0.0394406444394123
0.054961004622167756
0.2340262477854888
0.4118221597644959
0.5323977994751775
0.49786041586189445
0.3320465413664033
0.15920210994631892
0.14836475830191947
0.327656214617772
0.5064623766200897
0.5879593861974345
0.4961251048978993
0.2934765827927484
0.12928902534866063
0.058198786514459255
0.040767419711480825
-0.04546508065482929
-0.22027879530590225
-0.35605510636313986
-0.3827671066828287
-0.32417790017716086
-0.3109802458939965
-0.3790740346063165
-0.3626856526314387
-0.15819652205186951
-0.031045692192932208
-0.1216462643027453
-0.255496117112677
-0.29924863133217
-0.30595693524969025
-0.36325343332489707
-0.4159101807573961
-0.4475600415595487
-0.5055852303757675
-0.5641845270603278
-0.48742390739680047
-0.27368238248105176
-0.038458034180064736
0.1612413917120669
0.25551203495264607
0.17568280207264927
-0.014754941856592915
-0.2003880556258575
-0.24800644039801256
-0.0729148295658892
0.08834737522145111
0.126894489363686
0.20951120908981924
0.39509643946558676
0.582804736722923
0.691752361035259
0.7566012414583139
0.8119926604771355
0.7680853968803697
0.6017286507799076
0.37074813847854754
0.12955606542964845
0.04248288332689515
0.12915801952765973
0.16900526820561318
0.07811283683881022
0.011878474951047647
0.06873566395375168
0.17981364804923206
0.16878481611231733
0.008485264342706432
-0.07910214058316571
-0.01476063964407976
0.08238041639470914
0.044235477468597226
-0.14905938220132403
-0.3160469143367122
-0.19004628827940803
0.16051619756770075
0.29428649447870736
0.17394592596539368
0.07265381695150054
0.03206957894316199
-0.04916917533600628
-0.11243256563611416
-0.045452859217028754
0.01743952885857765
-0.03897686252048006
-0.1406501671706206
-0.20580475004329118
-0.13359616639803923
0.04599246733179704
0.2080406071423814
0.22494065775978048
0.12934537050604078
0.06881272228364392
0.10686684959972294
0.15421619623566393
0.09966712399930733
-0.08703911526114581
-0.29314523863439584
-0.37946099130179956
-0.3427667070717834
-0.2762742930214591
-0.25705053747685586
-0.29002327734338573
-0.3148683947624312
-0.29250492853622473
-0.2496098131152345
-0.24923068213605423
-0.2907048472819789
-0.3346652591477628
-0.3248345943281872
-0.24328426997722213
-0.16200158512381282
-0.138719246599976
-0.09013923114834893
0.049392757715823264
0.23691470302239154
0.3541809305609207
0.3162195796091804
0.10049145498381575
-0.04759444141036058
-0.006650430247892051
0.0912180810677607
0.15419002171220011
0.18710275332010176
0.1837420910313961
0.11039911153144273
0.00030999943388435253
0.010919648209076498
0.1950039961104525
0.36320048486140155
0.38375647702902504
0.2553457967578224
0.05398189095946611
-0.05566222210381895
0.016585157113742623
0.17572675928762668
0.21057217641495607
0.10973802165891865
0.00936771542365431
-0.0018416894222956321
0.0740339069971894
0.13527869540314091
0.08025461883766467
-0.06921602973106177
-0.21500609406844
-0.2723369586935383
-0.2651443927910167
-0.41674503483276276
-0.6371801446591984
-0.7020603279474644
-0.6456469036804177
-0.6098484142101688
-0.6310277996083812
-0.6583848387569432
-0.6606892624512142
-0.6502813927776964
-0.6432352510223383
-0.6331607235623992
-0.6009550703981458
-0.5514629094348167
-0.5198007272921024
-0.527486912738268
-0.5334737522145112
-0.4831986866116979
-0.40546401502537527
-0.33175462549784873
-0.2608579316132298
-0.22969016823625002
-0.16164183528032713
-0.002468639857205653
0.16648608687544122
0.2777334394522665
0.32058779454664127
0.3000616400037297
0.24729250196475427
0.1930430048086529
0.14581260906051444
0.12391076019341173
0.15048606023470487
0.13523137479519934
0.05548549411905744
0.0430342799674983
0.12662115540873548
0.1736847468464028
0.117782125397946
0.02228239513540154
-0.029834124785209064
-0.03508668229589866
-0.039442609193718114
-0.08038639057983563
-0.16121102127262799
-0.248166184913351
-0.2544858337884459
-0.14726989063977727
-0.07387436228737361
-0.11062755584564356
-0.19264029677780292
-0.266390380030104
-0.33163787247079507
-0.39790170900323685
-0.3596282951260773
-0.27666920863692673
-0.2882895315226513
-0.3265459952313082
-0.33088290730355785
-0.3357198992980166
-0.34638685013253767
-0.3195595620262944
-0.2571962956056105
-0.21285968324164478
-0.2207825383293594
-0.2318581913604092
-0.1814043997176082
-0.0793760739546841
0.022288242777030353
0.07887839169874655
0.07518961544097078
0.08291512927417313
0.13515668083065815
0.17270246959625962
0.15972290304104006
0.13146011215750003
0.11488174843152664
0.12096356213285733
0.17244625231441396
0.26011994991541565
0.32540960132138047
0.3438003676421616
0.3394379470648568
0.34223855447364565
0.3693598231055106
0.41200231774406243
0.39793634196049177
0.28416158272614656
0.13841783996909673
0.047935309631958224
0.011558679551902814
0.03950648035911712
0.1108666564543844
0.09474867795345863
-0.013183864372011243
-0.02362415582166691
0.09875474538116233
0.22220688529830962
0.24095337205120348
0.1776825223449176
0.1060841114648409
0.18835866423347938
0.42650853169581604
0.6518328826608767
0.7292418712453211
0.7072619317197927
0.7131658519041465
0.7459672585350259
0.7053274812515817
0.5482024163147869
0.3279730728757343
0.1898150799888109
0.13806451720325547
0.061909607981564606
-0.03114837558110106
-0.03191410027573162
0.06408305915575506
0.11673061553421335
0.05110002930480998
-0.0021693804696761815
0.04468540620462749
0.12785945013520172
0.18893014132910632
0.16032574960371904
0.07692013107242283
0.044522598004608845
0.05031329505947544
0.022502151239460255
-0.04085177094294886
-0.1053629800327681
-0.13193258561666643
-0.12889504215896527
-0.1526676701344025
-0.22222999613709324
-0.27890276797250674
-0.30714181529977486
-0.35184953312109546
-0.3610279328120629
-0.3084381535305636
-0.30967984495091444
-0.32028981791056704
-0.2242727411985667
-0.0537276717328467
0.10550251088940096
0.2288447577691047
0.30382990555858963
0.3579935529418033
0.42623912724947716
0.44199712280047415
0.37925818869633554
0.30424929735057876
0.2669433751148882
0.22712180144659197
0.15472583352203853
0.07515205200271735
0.016535861761219076
-0.002794419764762298
0.0005668755744408776
-0.03373649647676262
-0.11182855354121987
-0.19718074407576625
-0.2713614082293235
-0.33524136507133057
-0.3081274226419618
-0.16770336872111144
0.007192595873349939
0.16581307527340053
0.30920177693711454
0.4288052961783863
0.5061819828700065
0.5539201843538956
0.5653424000639378
0.49965333741824625
0.4068922915029371
0.3589646077817591
0.3458560334607648
0.3448117165958467
0.34819542312149504
0.3614118924247066
0.3845363845856699
0.40785701916800976
0.425978381042452
0.401094934263983
0.32632044809718536
0.25178576185845775
0.19640629787007313
0.14884399184793468
0.12124778548879091
0.10712729609846415
0.05134262651019674
-0.035202736003623135
-0.07804210568380109
-0.06930201270763124
-0.07424067241218546
-0.15346995590958135
-0.286769111398239
-0.4020879677114275
-0.46611931053774325
-0.4898022591344425
-0.5014655735084518
-0.49360955336805507
-0.46491281819029473
-0.42833974931067087
-0.3812276051310058
-0.30806032128728034
-0.21640260146790458
-0.12696332236623017
-0.09748314973425865
-0.14402914496556685
-0.2119696162401929
-0.1814749643680151
-0.03111385917706765
0.14714118258228656
0.2833086795519028
0.3386373929375408
0.3440251488551143
0.3463042638498528
0.3569215963129221
0.3655235570711174
0.3725660357252274
0.38014366017076706
0.3874958373849453
0.34317397732873334
0.16715193877958784
-0.10693028785315627
-0.38139111265035364
-0.5815306435069865
-0.6438053627802272
-0.6501848201084278
-0.6979010429848281
-0.7804456995191347
-0.8559522065189881
-0.9032751455250222
-0.8358494398785182
-0.6559292288838863
-0.4581747099489829
-0.318027786288013
-0.24267073381908277
-0.1865467278515578
-0.12695899324657334
-0.1224262717621515
-0.15101268099050255
-0.07209792468663832
0.11767862613722642
0.2367194597258668
0.20637153170913644
0.12313298389567486
0.13897786154809316
0.2194085423521106
0.274203108973932
0.34154756037456874
0.44340774979020414
0.520508371851398
0.5395644905625191
0.495133070478068
0.3926015345064137
0.2740407003849586
0.1607024829166278
0.06850195809412171
-0.003493855980179292
-0.03524722603332756
-0.046945173364591794
-0.07312489177200858
-0.11073691606836011
-0.09570791096665911
0.0057117072715889864
0.14603256164000372
0.2680040760326615
0.2940249490495917
0.23368308180038094
0.16578789977754985
0.14995317890586493
0.17708467092030422
0.1483397826115914
0.021195353189562158
-0.14896917000785903
-0.2815919838024323
-0.3184897699572416
-0.28927683721178055
-0.297678592836306
-0.36295439105936883
-0.4312575759593995
-0.4219622900376966
-0.3429132311217082
-0.26193375114888173
-0.21512487845164038
-0.18977102287107214
-0.18632431100395613
-0.20634985280993165
-0.2332193664832896
-0.2568163654043398
-0.273436588387303
-0.28392191600175826
-0.24612124199112861
-0.15350811876440265
-0.04919981218280873
0.045004462323338615
0.13095949942056398
0.19425748937700638
0.22874951713665367
0.2691718061087208
0.3290520892997482
0.3849752907170354
0.41480858630932554
0.42541293141342423
0.4034829432685519
0.34475044290224177
0.3198003609819775
0.3556148681949569
0.4095000865823931
0.4787826515524889
0.5688080268538622
0.6550790563851184
0.7157699838823545
0.7575712972706564
0.6963781918932238
0.5079209569352496
0.2800642374755238
0.07073981324843819
-0.12283926977741665
-0.31991035392218237
-0.5206675502510889
-0.697401196169062
-0.7832276584124784
-0.806570271602307
-0.8308572988957414
-0.7638218800367642
-0.5726106589586136
-0.3457851025002331
-0.1498045901988731
-0.11873419871325243
-0.22174323658305914
-0.2727835573375248
-0.2794967564903494
-0.32934280633516705
-0.41350885138465227
-0.47452812595740146
-0.49802592143646846
-0.45976815899191453
-0.3703155595220652
-0.25707081773740226
-0.1309428156594248
-0.0024161452852556843
0.12229753040374036
0.21735307633902998
0.2828773327294766
0.3419704820641242
0.39365417660144125
0.3911745900656694
0.33384638951420614
0.2714757302891852
0.23575616400037294
0.21857978234518402
0.20448493466359408
0.19740542538595765
0.19700271735510766
0.1802068986186778
0.15450231774406245
0.17742124332316545
0.2459931666511262
0.2543282205320155
0.17256007486046915
0.08883470089113263
0.029936202096625945
-0.042805769051456576
-0.14320031835679936
-0.24894186325310028
-0.34340408668895606
-0.37523543750749266
-0.36028299122187735
-0.3522181743103379
-0.3558529697760846
-0.3256263903134282
-0.197739267113343
0.00041997988624405575
0.19676814567154635
0.31309075832856015
0.34525162175482527
0.34130612870139726
0.3009691566874908
0.230116020406804
0.15373506453718377
0.12792545255950874
0.1567471993925912
0.1869073102180544
0.1587552781958893
0.08064187524143167
0.01209605983509384
-0.02236604371744835
-0.03976819229283497
-0.051778968470688524
-0.048776257775764914
-0.033535592023763536
-0.013625321353882221
0.004997106150013986
0.014275854834627627
-0.010171876040653763
-0.06241544896300933
-0.11670490722363566
-0.128944960238701
-0.08668036444527326
-0.043389634089486234
-0.14664266780333807
-0.3488724308339882
-0.4714844218294193
-0.49839323058889345
-0.5053860908715516
-0.4822203055692459
-0.39648841793987183
-0.31261908409148426
-0.237310218054427
-0.13172145778109304
-0.045813408282604925
-0.011767426371664913
0.03687434230682136
0.1282809398851784
0.2228754345770117
0.2697854421696215
0.19829559229017088
0.06800500845843378
0.05359383533360861
0.15794676514858869
0.26236449855474003
0.3046637606063431
0.31871358544350165
0.32581727118937565
0.3408405818336819
0.4057434097478454
0.5055339469582939
0.47792881595247294
0.30025801553154924
0.09346173058223328
-0.07726156540966791
-0.17401116246853063
-0.17451880169967895
-0.16106692818989515
-0.20347898045901988
-0.24709659264982084
-0.22169175336006283
-0.14928416341427678
-0.10609703222197062
-0.13946295605610537
-0.21589745980578903
-0.28438583112437227
-0.28038316039055317
-0.22641772008578318
-0.19334104804656801
-0.1874038602426971
-0.1663630399744249
-0.10958776790590491
-0.040511269031476026
0.015024506147349912
0.027797044210301974
-0.007474055252887189
-0.06119720139064643
-0.07636993326495543
-0.009988487871804775
0.09931473365923833
0.12898039241804643
0.07807637233093123
0.0575684000905785
0.09334914017023431
0.13540423987319009
0.1398623339949116
0.11169165345730155
0.0748320967591544
0.04205070398145804
0.009601507865677407
-0.03358054826635408
-0.08332199992007779
-0.09569905292182276
-0.0680483329559229
-0.045256750096572665
-0.048138012334660925
-0.05979796331570604
-0.06462243416408028
-0.030504419032142047
0.046552422308952617
0.13134399184793466
0.1344724135175096
0.031734012228097984
-0.01333528032714824
0.06548246373529763
0.17568190294779748
0.23456499007632572
0.2172682921955963
0.10717255204933863
-0.06007855687131192
-0.16972813128554873
-0.26391389047993286
-0.3498225060940684
-0.38049664992740395
-0.3842013773260693
-0.4025045622260999
-0.3399021618957548
-0.16591883899670987
0.03604758035512102
0.21435476136560414
0.34390693058756144
0.35174230415728686
0.2512528472286974
0.09713618744422095
-0.008188782917959853
-0.006014469249930068
0.003351141555552595
-0.08090988104911219
-0.1729606516324111
-0.15234428489603452
-0.08510972653284136
-0.06298229723069544
-0.061000825862826846
-0.0611123173444514
-0.10247419178666098
-0.1699775218787047
-0.23010792828313772
-0.21985167770037162
-0.1426353682415782
-0.07135328280473671
-0.04005930893929908
-0.08170454091351084
-0.18940601148215735
-0.23561493479679776
-0.22801739640083651
-0.17842436694950248
-0.04207511355613869
0.1429706086076219
0.2207475723629001
0.16186881435402872
0.1207297896713865
0.18552622114475242
0.30797740199539114
0.41240026374328986
0.4501531842340122
0.3546254978487605
0.2205988504522265
0.19278732034153423
0.23227052335726558
0.24881412092230226
0.23253453305449362
0.19043507652551517
0.16403450641375728
0.19282355174297017
0.254785475470542
0.3118184633623273
0.35299674983016527
0.3059764162881462
0.17806435069865328
0.06271818763070611
-0.08160920037829845
-0.26639710681603235
-0.358515378365058
-0.3768035778508918
-0.3594168342812995
-0.2699031609233679
-0.19254182595606942
-0.20660010922701902
-0.2911378258495064
-0.3859353562532468
-0.3713961743902601
-0.23894705819668854
-0.09537217108680883
-0.04381791722723216
-0.042948696601974076
0.006168339482903307
0.10200501511861787
0.20150033966938843
0.2839245134735524
0.35162541792655144
0.39203009071170725
0.41095600282391803
0.41679265514898833
0.4121911339629427
0.4025238767599536
0.3950035298975663
0.39648242377419307
0.4081886963355667
0.34904026747299294
0.1790372037883127
-0.031134888708323892
-0.12553804297150772
-0.08589639417633503
-0.0717658812089566
-0.10614661729250195
-0.09852443621541698
-0.03575546468104378
0.021259547373889413
0.004380949209436148
-0.0709243003476616
-0.14448659970961594
-0.1501650060607675
-0.08901099596392843
-0.02327928149934064
0.00797486446525382
-0.00614128581513993
-0.04321936648328959
-0.03468284203375381
0.05399008298589373
0.08236646330904586
0.0420284256656854
0.02343653177573828
0.0019021752161229736
-0.06964158219333182
-0.1747896713865171
-0.2389762631039122
-0.22630509637286372
-0.1775187151172858
-0.14079179598524103
-0.12242337458207343
-0.07838547147443155
0.009856239926471567
0.11309468783717182
0.20168632531003156
0.17052978434323923
-0.02044987212446552
-0.1861422215710042
-0.1810215057344185
-0.09138561799848148
-0.05302612124199113
-0.10370382827381348
-0.1778600495517696
-0.13431836345956602
0.018198766533906997
0.09468517309818442
-0.0009857918292861614
-0.09340661755890932
-0.11446738507852355
-0.16303574520799755
-0.276962623046901
-0.4143733432792082
-0.5134758834734191
-0.46390080321820093
-0.29429128981125036
-0.15354261851797582
-0.07829336112850159
-0.05378631465373702
-0.0920336872111145
-0.11716406031462709
-0.06522281645864692
-0.0300140529884246
-0.09298412878131951
-0.1927132923954018
-0.20614811583392165
-0.11332160030903254
0.02045952273120829
0.1441747032887989
0.2571487751921463
0.3465773313974398
0.27861624685306297
0.053348607355507296
-0.09284932665538874
-0.051236662981364804
0.06537270390153584
0.09555485993632863
0.03672112477188869
-0.04708067480985174
-0.12060564383999572
-0.08084257988890813
0.023398798502790613
0.05308776124572083
0.06300311030596886
0.044074567421043515
-0.05182136054240539
-0.19221830751401967
-0.2717774699292688
-0.23870336206092732
-0.1544510676275092
-0.15324913750616068
-0.2545246959625964
-0.351956762084904
-0.2688737628708057
-0.0709385198406884
-0.023904955842979497
-0.10531679165612137
-0.11833292262198127
-0.03850698653310777
0.03811906411093202
0.07563448243709456
0.10363742623846123
0.14669574947051534
0.19781659185059874
0.24479529924207102
0.2869370146390846
0.32861534772821116
0.35459486100195803
0.3580338470555326
0.35291116646464105
0.34011195769451064
0.2844739120589293
0.1772202056664846
0.05391485620662554
-0.06092090365377699
-0.11834321260639644
-0.09028452306421748
-0.052696841740705706
-0.056685625990702385
-0.05257812395934623
-0.031266497275984705
-0.030892837638032314
-0.040304670121082145
-0.047612990023044234
-0.09380486326642068
-0.17964311403567193
-0.26161086542432027
-0.3038985387556112
-0.336463841860589
-0.31897190068333486
-0.23092136986666312
-0.1118487671999254
0.009059002570831056
0.12482700171832747
0.23305649168143008
0.21913324364285425
-0.030186768212273386
-0.25439349033607284
-0.25507579289491555
-0.1348006939911819
-0.02679615174563425
-0.06137789218493998
-0.18089286427876866
-0.1740937820521359
-0.022375860828793306
0.06210781506000826
0.005899527792948197
-0.04927427304090685
-0.024685059875054944
0.029328546881035786
0.060197507759114456
0.0454710415195876
0.009885591357745128
0.021799901429275504
0.10286954031409427
0.1337656680830658
0.05168096386184114
-0.04742290836918732
-0.06774782544989542
-0.014493070078456969
0.05330907916294807
0.0909417167290504
0.09871358544350164
0.1250595087448217
0.1848849120189682
0.24222296964288093
0.26347185406204626
0.24719509677247478
0.18977468597232028
0.10402994418765735
0.06320681203628468
0.053856679498621336
0.044802758648249036
0.05020143726772607
0.04963851850865158
0.06867042745061473
0.1315709043197954
0.2121013879823638
0.2831146017875934
0.33323698267020097
0.35916641135960997
0.35575473206079417
0.35156814034339906
0.3210049884778815
0.21537333661902414
0.06002221171393177
-0.09070767786021605
-0.15453455303504587
-0.10438376646730516
-0.008608620942282843
0.07560377898845123
0.11725117552249142
0.16514455929561891
0.2883617612190801
0.46488218134349235
0.5972023896740506
0.6033101114914816
0.5378385038562465
0.5230392418046435
0.5113043304516937
0.4276457581287546
0.30168709123120163
0.18237918426065294
0.08168036444527327
0.014789844551303395
-0.01271322246346889
-0.0241222976303065
-0.03404163281073089
-0.04389331051110252
-0.05157406790723695
-0.06092892917560241
-0.11687457541326442
-0.22594145032168686
-0.3415971787460205
-0.4007336192772368
-0.3818476682695509
-0.31512870805749066
-0.2528495597618318
-0.2461808173377912
-0.25489350365644103
-0.2291850265741345
-0.18025894795732153
-0.19612527140250155
-0.29640739680044753
-0.416992460671613
-0.48255531282884656
-0.4714964101607768
-0.46391545562319336
-0.5136933384838757
-0.4923874095880009
-0.34822572695909315
-0.1752713025988038
-0.09277000386290676
-0.11849546441463642
-0.17151316052375687
-0.20476912471860723
-0.1711435536078217
-0.07465503576518855
0.03537586748897739
0.10672868408082799
0.10129530590225513
0.047431932918625866
0.014218497329266179
0.01575847841434337
0.023521941976476227
0.02221301932785422
0.018170517363099915
0.02907251941443661
0.06400267073381907
0.08017935875747605
0.05721427810264675
0.0711740572509424
0.15634425825529816
0.26633067147975964
0.36123439851877504
0.3829226219812715
0.2556546627948796
0.0694284563025322
0.0029627176215150587
0.07021945306568272
0.17968001145551663
0.27111927723682283
0.2858747152771302
0.23335962996017207
0.24531988864172205
0.3503376713332356
0.4258621608301253
0.41447291303131617
0.4001398638658372
0.3830361781199632
0.28682252607462067
0.12361531442729075
-0.033797370559322255
-0.11731048446179052
-0.14550291050044623
-0.18294370146390845
-0.20435079855607208
-0.1426126903147603
-0.015535548732566967
0.11385344930933891
0.20594374808519705
0.19887442888921447
0.1095883007206319
0.010863596099796197
-0.0648676621421816
-0.12484425159511407
-0.1489293088060954
-0.13022464800927097
-0.09547347248677954
-0.02486335966326109
0.0831073088860176
0.19789118591237861
0.2718775391951833
0.30077637765907844
0.3177756317184606
0.3386014279434683
0.3340904852610126
0.2867333795106096
0.24457524675982042
0.2678195889334381
0.3422611990995431
0.40322586016277484
0.42372757183008536
0.424665658758808
0.42793847321939976
0.406040120948943
0.30954720738481206
0.15505238234784807
-0.00015739596792455342
-0.09558399824171139
-0.10690084983948955
-0.10428849253393362
-0.1362907436761552
-0.18465357052468928
-0.2243315173231388
-0.23877139584138102
-0.22267196595313896
-0.19218134349233412
-0.16382980565582833
-0.16228470954937194
-0.20231654522931014
-0.26493093389101274
-0.3260289651405964
-0.3791566208890014
-0.3950671346556019
-0.3631891625484528
-0.3302283444114395
-0.3308152065323085
-0.350770250289718
-0.3620839049991342
-0.34095680204600853
-0.29674283697201387
-0.26839582806068757
-0.26613612750256416
-0.2631122374222423
-0.24352786621022204
-0.22733825742943534
-0.2325036631012481
-0.20479779681110385
-0.08936258708190693
0.07841207890986107
0.22516360742210914
0.2968671826089273
0.31588570458087456
0.33016593848653975
0.2930737748591371
0.18506337165159242
0.056029164946119106
-0.06148315639444274
-0.16698323631665177
-0.2442466665778642
-0.27286794186991326
-0.3214352030690128
-0.3807434097478454
-0.34608780786700943
-0.22164013693338486
-0.08470308899337976
0.026673244708483743
0.07171433138411945
0.021047830112024293
-0.06515624791869247
-0.13126323711587387
-0.18015817937207781
-0.2169450068599896
-0.23101108254632158
-0.21075050284389862
-0.15682325869487032
-0.11132008178706058
-0.09461294340175562
-0.08798635994298881
-0.07749513806561613
-0.08304240539208503
-0.12195626257109746
-0.17677786954031408
-0.20673867435695922
-0.19971044849679645
-0.17909125118218266
-0.14426811237062592
-0.048376879836958694
0.10508212006979871
0.2663103246173724
0.4145321886696948
0.5555579236210089
0.6950731288212806
0.7674130512967378
0.7142930880609539
0.5815952472926351
0.4046378191893224
0.19833255631185645
-0.011813774592729743
-0.21129773686944706
-0.2930827661076552
-0.21595936621688225
-0.07463375647702901
0.05085693258561666
0.15772278315772645
0.2679589532854688
0.38182635568047096
0.4345996563345011
0.3975956735444167
0.2910905052415648
0.15497319275904786
0.02262258068813022
-0.10041649461191107
-0.16491674769890638
-0.1378318436721591
-0.06440634449136173
-0.001500610405871618
-0.05365740679072369
-0.223210874748578
-0.3892954191253846
-0.44568519973892073
-0.42366163600761925
-0.4807410786834148
-0.6401182848693937
-0.814482570298243
-0.8952855886936715
-0.6274146497409189
-0.08275595087448216
0.2935605011122507
0.406464374675316
0.46267066721724187
0.5766513926444927
0.6294959572682588
0.537212779561227
0.37682622247678926
0.2344920610605677
0.12065293114701689
0.10233795772115141
0.18520816405365442
0.24839805922235692
0.19614518535292313
0.0734061513460232
0.05283653910194078
0.16773986652991088
0.30725457221637603
0.3708973266021073
0.2919194317530936
0.12852297097491772
-0.0014384299282032154
-0.0706794386796851
-0.149306941243856
-0.2620816405365444
-0.36117379084357887
-0.3243340148921716
-0.1629256856659518
0.014722167090698388
0.16260956002823918
0.27353702396334234
0.2544180331144353
0.1074847148775192
-0.06307247612324005
-0.20959765827927482
-0.3423238048299655
-0.4549741584857405
-0.5259244335513433
-0.5086752227831577
-0.3718007805735751
-0.1706446725187484
0.03267075379963502
0.23101711001292075
0.4327234824770556
0.6246240326082613
0.6197331264236143
0.365617465666751
0.03377729010429848
-0.24207231627882192
-0.41175355986839474
-0.5231461377592477
-0.6292072382880662
-0.6403264156221278
-0.5131991528245841
-0.33566428676088605
-0.17712506493679483
-0.07882111411559414
-0.0801911472833109
-0.15100405605210926
-0.21398771862054267
-0.21933874362287373
-0.2160463482210648
-0.2644138704993806
-0.3432825383293594
-0.418319502351045
-0.45627122933677877
-0.36631878305116355
-0.15599359956309192
0.06994085756530309
0.26284809452133256
0.2959037869806721
0.12503243509650605
-0.12775282058796103
-0.3216621155408735
-0.38191493612883454
-0.38149634355893597
-0.40916741038722304
-0.4575962729609846
-0.4571407163694004
-0.346535705246893
-0.1712891452319742
0.00224567221237995
0.15770033833735164
0.3021877372690581
0.292293467691447
0.0637748258361861
-0.13617029424693297
-0.16814174203774992
-0.13415498914389995
-0.10626167197261331
-0.07014152891185911
-0.007096722523410546
0.06558955949542446
0.13079802325736284
0.13768721777469928
0.06183874362287374
-0.0543186964687704
-0.1511043251235464
-0.20790766986799514
-0.24291176588120894
-0.27249267379750375
-0.20594837691313786
-0.031028452306421744
0.16576538835533414
0.3404786008285269
0.5011791855926897
0.6676837877798941
0.8370629254192585
0.9688233452772634
0.9999999999999999
0.9522851091604171
0.900755264875521
0.8819695496383518
0.8885411532774765
0.892025428582846
0.8306957894316198
0.5976209822439492
0.23688752947131456
-0.08810158112770236
-0.2787963715317091
-0.3893307181010483
-0.49947617652151904
-0.5732044143700131
-0.5812332662874801
-0.5629357425439239
-0.4696272294966232
-0.26787949728930505
-0.024654989143899936
0.0946474431553288
0.05003346742503963
-0.043673690940817605
-0.11091091337764575
-0.12814490562519146
-0.12765801286747566
-0.1754693431726453
-0.27190920837051935
-0.3733832403127622
-0.461653324097878
-0.5357788419271908
-0.5179168942229563
-0.397373556405099
-0.2560468810357918
-0.1356244588600429
-0.030703738361328305
0.07848191094001837
0.1904378738028319
0.3009614974757902
0.4054443674823172
0.510498781186312
0.6143480345796758
0.71016443994512
0.7202882527673065
0.6215973119497022
0.4863439585470142
0.3988537823185433
0.38799135508105437
0.3771991927856886
0.28979416701077615
0.1500344997535732
0.013998518109040533
-0.1045630253220199
-0.20484325256750094
-0.2740336738907463
-0.318808925978714
-0.35945246626616756
-0.4015997762178146
-0.41370499380602876
-0.3726459579342773
-0.3044492027759647
-0.23932658878691407
-0.1826373662968044
-0.1339899830831324
-0.10604554899897432
-0.09652614788272747
-0.09045152718021125
-0.08123246706538968
-0.07087977701703674
-0.061525348660636976
-0.047129860269337846
-0.024789035338936765
0.00040871318583245636
0.0245659791136627
0.047394036471168056
0.06966359410174097
0.08678243176641402
0.09166997455809678
0.08757859017223235
0.08332020167037417
0.08760346595979912
0.11831427410653629
0.16872417513620075
0.1786016610499114
0.12973575719632888
0.0981372797144113
0.13078426997722215
0.18899144832363163
0.22326961757222966
0.233945493053428
0.24361155142328134
0.23558206678832602
0.1922438493199952
0.13098853782318542
0.07197983962276717
0.01949479173604358
-0.017875634382534332
-0.022086076219146693
-0.0020835590025708307
0.020166148282338522
0.037263729969496354
0.05298289664726332
0.06604012094894303
0.053100182489043996
0.012991704740719033
-0.03150077924153823
-0.0695438106909275
-0.0904780680137999
-0.09232323871431806
-0.08616613163187829
-0.08623299988011668
-0.10667646823758209
-0.13573911392910898
-0.13376383653244175
-0.09965999760233372
-0.06078420337538129
-0.029608997242683788
-0.00394666191573535
0.007661942376087274
0.004339329719073435
-0.0026407829712413247
-0.007427154236543098
-0.010941243855980179
-0.015526777270123747
-0.025265401675702317
-0.046118311510130135
-0.07309638618411413
-0.07938363326362341
-0.05276767279847614
-0.012570261612030956
0.02451511195769451
0.05695353189562159
0.0870970921636274
0.07439405645172031
0.012820857698506785
-0.058399524462856144
-0.12018781719126717
-0.17164922808466426
-0.20773107508691538
-0.22890623126823223
-0.2452697707564637
-0.23773417207251607
-0.194042631838344
-0.13390852903174244
-0.09099369946585323
-0.07054107335526753
-0.05785219053454637
-0.048680451027666403
-0.02781925925432579
0.013376879836958693
0.062394502684054186
0.10882617585550064
0.1400947411186445
0.1436344624565423
0.1277956455716436
0.10877296098464162
0.06247096159737855
-0.017058995910646968
-0.10430564250795892
-0.1826431273560401
-0.221467038748951
-0.20781126370332872
-0.14977425306035458
-0.05709482770103765
0.04935709243003476
0.1534679911552755
0.23451034326588785
0.2823271349220092
0.307446485420857
0.2535619330518295
0.09499870126410294
-0.10166877572496102
-0.2820702516217548
-0.36749963368987515
-0.34808486406564276
-0.29389494225620394
-0.2519827035019248
-0.22170570644572613
-0.21784236676301733
-0.21373010270003864
-0.19462829512607727
-0.19507356173324628
-0.22015218520639912
-0.23318023790177558
-0.21196152411652655
-0.1770157047140783
-0.1648248038575786
-0.18827724348300987
-0.1947907370159711
-0.15802692046408162
-0.10615304437014639
-0.06979230215923167
-0.05612227431966219
-0.05085197074847148
-0.04286594381468704
-0.03280660490455956
-0.02371812102886524
-0.009450125211460844
0.03195441437001319
0.09859090485261011
0.1682062126197168
0.23100721963955084
0.27638874828500254
0.29395431779734393
0.2844443408415808
0.2355603545882008
0.15493163321034192
0.07061456848667297
-0.007718667163960411
-0.081550624059249
-0.14127023030916575
-0.17915319089419632
-0.2084819442409388
-0.2383150067267859
-0.2685427517216576
-0.262274286361275
-0.21321570338204146
-0.1538600428915855
-0.1330695123413211
-0.15138018994845018
-0.1728491268498661
-0.15621225340668415
-0.0969939259121122
-0.0279795066135628
0.016337151838876823
0.034069472380216584
0.03942719086755558
0.029059275638378644
0.005448706592250209
-0.02125746273627003
-0.045105131005820996
-0.05850255751068959
-0.05436155475337338
-0.039337911099862795
-0.0240516597178746
-0.011208470422122467
0.001692706099396587
0.023256270563318367
0.054288459233013196
0.08682838703661769
0.10679009097811462
0.10728191227205519
0.09716792322139783
0.07261129167610192
0.029624928403021056
-0.013717588214138238
-0.03865484261985001
-0.05869313867835307
-0.09745397812795545
-0.14962736270030502
-0.1985754199246067
-0.18949352630106694
-0.12084074833828407
-0.04208959945652897
0.024607618584577676
0.08575899457861015
0.1504670454091351
0.2137485847108814
0.21968121028865234
0.1389366017076712
0.019924520133736495
-0.08930334474444873
-0.1450635381561946
-0.11743749417233891
-0.04054110665618797
0.036417153970135736
0.10213888481877638
0.15660703581847002
0.17195716169594927
0.1481947238021659
0.11724218427397332
0.09296195036830818
0.07259184393856645
0.050845610272667936
0.04874755238234785
0.07590651765614802
0.1150164506546961
0.15012058263290395
0.174372410853436
0.18227998081866983
0.17910280660157446
0.17476969083425464
0.17246157073781518
0.17007003183567992
0.15789165212526474
0.12383952952459606
0.07444853675755597
0.02447385211727252
-0.019794689835227045
-0.03250821533707191
-0.011930744075766254
0.015171516390713038
0.036592816325443235
0.05486323311976342
0.07310421190041692
0.05673667630173297
-0.004437843832003516
-0.07869603585843112
-0.1393483342879597
-0.17307677194197646
-0.1909788139544177
-0.20835799821507064
-0.2198115167903241
-0.2084413504189256
-0.1792300161176455
-0.14478677420643904
-0.10959336246053841
-0.07340515231841008
-0.036641402368361456
-0.0016204564224155155
0.011087837837837837
-0.0008535945013520172
-0.017875218121028862
-0.030592699772221704
-0.040922602000719295
-0.051877739000705976
-0.052494805056411756
-0.0396213685346263
-0.023408981924260386
-0.009584720871684892
0.004199962036950701
0.048538289398318966
0.13794163680684132
0.2281193971201364
0.2503717048739227
0.21308789444940257
0.1706839010030237
0.14206069425758927
0.11722140449962036
0.08720079122986958
0.05511355613869167
0.025029827634435814
0.0020423973998641323
0.002224445872683921
0.0237031289544843
0.04847698240379364
0.0745858031515991
0.10833392164959439
0.14889990409334913
0.18920181023803495
0.2187370292914896
0.22945519694164346
0.23308819415768653
0.2543603559202376
0.2778146270962929
0.2586898085863093
0.2016290144259587
0.14056108720845045
0.08892820987572096
0.040564417300494184
-0.010374468850319023
-0.062408722177080975
-0.10980642174949716
-0.107255937554114
-0.04366330105364112
0.03752487578756676
0.1075687664007033
0.13536171459779148
0.12556801379990143
0.1025581767080042
0.07113639390992767
0.03231897286641002
-0.007620282924620036
-0.024098084531056437
-0.008489337045275932
0.01883153397359903
0.04195303238181503
0.058594401449256046
0.07373939365684067
0.09003306781399438
0.1069073768198953
0.12219336512461204
0.13109260319955243
0.12468287533467423
0.10673670960265341
0.08775371971281284
0.07191646797117472
0.06157133723176108
0.06029724401582459
0.065138931440065
0.07046611298336286
0.06905864958107442
0.05846855727092296
0.044278302452279775
0.031070761125837513
0.018801732979899562
0.006312605730422388
-0.006228550877146244
-0.01777148242377419
-0.013960515098637325
0.020172625311363605
0.05293704127982097
0.0292177680391086
-0.041553021725520486
-0.11065586162801538
-0.12858517709429487
-0.15097971307926952
-0.17535528752014706
-0.2028759007898978
-0.2187523144139704
-0.2205152651419285
-0.2198402221837411
-0.22179801659717874
-0.22483432792082372
-0.22664653071010882
-0.22606070091777333
-0.20037270390153583
-0.13856592916228203
-0.0810886736909408
-0.04991288479213565
-0.02340156913937101
0.013302712026960423
0.05487768571923328
0.09289231814367349
0.12255108361195102
0.14367915229176934
0.1611670307567301
0.1731411093202616
0.1667146310924034
0.14415325749603716
0.1205184620302905
0.11316561879770357
0.12316478627469263
0.1365666418019794
0.14953878225194145
0.1655558922648622
0.18489466918865635
0.19690681070424784
0.19245960598350936
0.1774568753080335
0.16390962796211686
0.15638984721537702
0.15237462203455301
0.14778638791576199
0.14220109093815353
0.13660940018382106
0.1315965460285322
0.12545971920663887
0.102144412771569
0.05907520013853183
0.012901485887069918
-0.028937247745527684
-0.06746733179705088
-0.10487565436308659
-0.12212782891319116
-0.11620239633423467
-0.10428506253912857
-0.09635205067068053
-0.09071363872497436
-0.08469895967924553
-0.08061420217654816
-0.07964454597525075
-0.07951030996496743
-0.07891798649314667
-0.07768961544097079
-0.07675489190521226
-0.0759015225180824
-0.07500662688316705
-0.07185309631958227
-0.06606649527792947
-0.05945872683920983
-0.05349033607288905
-0.04795196009217695
-0.042559209036537766
-0.03716599176801246
-0.03202004049391925
-0.026645225314027677
-0.020963788579116325
-0.015223062885458152
-0.009855037763243776
-0.004713349006966553
9.28946492081041e-05
0.004586382587614722
0.005874262384612311
-0.0030521948636660317
-0.020265278462296695
-0.035718101048312974
-0.04517882594274906
-0.051354548239713346
-0.05803920850372304
-0.06484758168715783
-0.06781059768492001
-0.06587441556884632
-0.062337558110106155
-0.05261592050404273
-0.03433511382254605
-0.012734761498807826
0.007057184340575173
0.02457843032781426
0.03834138105577238
0.048441383719846014
0.057049638352004044
0.06547267326468903
0.07340458620276263
0.08013989716675768
0.08187897113476217
0.07915139264449268
0.07570744475377299
0.07299605051083612
0.0703608487738601
0.06724771222676594
0.06118471354548239
0.05033071144086422
0.03704554233879025
0.024326602107282245
0.012847471794120388
0.0021131482024163146
-0.00926984401848867
-0.022800654030077392
-0.03753606489683375
-0.051288778921849396
-0.06369497022897712
-0.07411566075686331
-0.0700349659664593
-0.0474010962663008
-0.03126608101447924
-0.03793394429422029
-0.056164366683095115
-0.07123176774606049
-0.08169245267939206
-0.09105787033953618
-0.10092519947251341
-0.10970298909061846
-0.11537929748378245
-0.10553594501352016
-0.08156271229336778
-0.056864685039894496
-0.03699019620902322
-0.02006947571030863
-0.004004022751188842
0.010297896713865171
0.017398282338523835
0.017300607408788776
0.011413294393457035
0.0018775638378644784
-0.007503879557230961
-0.0156295372504096
-0.0226811436868115
-0.02808051496543364
-0.030941173924047258
-0.03231100728624139
-0.033384872057863675
-0.03451110918705793
-0.03544573282005514
-0.03610918705793028
-0.03626300400943082
-0.03566588520506706
-0.0345400809878385
-0.03342773034246666
-0.032461034592996145
-0.03155415062672332
-0.030451107588613746
-0.028908725507173015
-0.02713386303997442
-0.025529374741917864
-0.024163247772168422
-0.02297392537929748
-0.021910387223102845
-0.021025188816218877
-0.02093112370625924
-0.02176442928882554
-0.022773593702129925
-0.023434969962569763
-0.02369885977648422
-0.02336532108747486
-0.022546574667323804
-0.021667397066854926
-0.02084380869287227
-0.020041186578397024
-0.019247798809159083
-0.018615107961584058
-0.01808468424067241
-0.017487891785328946
-0.01676978407683188
-0.016042352110612338
-0.015375491188576453
-0.014677533867036083
-0.013816708403820281
-0.012705739746646598
-0.011449525794892971
-0.01020753133616613
-0.009043177973439185
-0.007933484741518254
-0.006824021285948343
-0.005703891545562319
-0.004579842286840808
-0.003462699639018022
-0.002356000492853622
-0.0012509244335513433
-0.00014007948929708417
0.00095701050977049
0.0020178699399251393
0.003041633143740093
0.004057244282231961
0.0050920970255617865
0.006098970335540074
0.007023880090045688
0.007848374249064243
0.008609606649527791
0.009354634822106482
0.010093319169341839
0.010813844524662662
0.011519714144898965
0.01222831777070318
0.01294134375874149
0.013649234744848348
0.014345596952299762
0.015030127342719753
0.015705017116673103
0.01637098224394922
0.017026644066441995
0.01766980139331051
0.018299272041879235
0.01891531908941963
0.01951819895301906
0.020107838370652564
0.020683994245600947
0.02124639018022458
