-0.010176975996284568
-0.008792440444762135
-0.002665602025844567
-0.002207662819343598
-0.013640467075485283
-0.005545157938298399
0.00651968309854587
0.003277195367644865
-0.0014210147644320018
-0.010171130417635848
-0.015658317755069474
-0.015365787148807987
-0.01785220778917517
-0.02671678521714651
-0.041978026539913005
-0.04373979521015413
-0.03317185560149396
-0.019981420244694417
-0.017821620338358594
-0.02612610415404514
-0.02435301794538159
-0.019272001027451906
-0.014474316945561914
-0.006326363871054785
0.004070927911016438
0.01461890745019388
0.022962224277702607
0.010525323705728434
-0.015440472005178773
-0.012925152982659156
0.006027222286365895
0.01079437599810077
-0.002138195913803012
-0.005548935640256914
0.009464871393377865
0.015665790132569836
0.024071060234368006
0.03132760537544156
0.02638115092775534
0.01792796420523611
0.030127666088508753
0.03963310107558128
0.011778202711590878
-0.007946894228237024
-0.007191130703039156
-0.018418722975874338
-0.03189861955609408
-0.0003569466516354258
0.02244328322775573
0.005559594156497011
0.004125829129039916
0.0035705432651954557
0.002390543291141211
0.0058761168026008025
0.013799667634875765
0.0074824340750792315
-0.010847258636368942
-0.010633304749759678
-0.0037504018348838083
-0.012733211474769699
-0.0381798274347821
-0.06137974337053522
-0.048503176409081535
-0.011324245400141923
0.008244956469509197
0.011270950224365918
0.005817523503611001
0.0026372666665801805
0.021398730474197596
0.03808784973256413
0.04102052438965854
0.03559550048713155
0.022326203007372484
0.017348151818992033
0.016146468977309137
0.01603763691250702
0.004194232518074462
-0.003991891951497005
-0.004357846450426094
-0.0021912684749993186
-0.012449990205477407
-0.013284779311892626
0.008586978603832967
0.029177714153020277
0.034794606915322136
0.023288712688382396
0.01682420842744075
0.016959860619403015
0.01681749626056803
0.02500343392070199
0.026324303778091144
0.008571940444113493
-0.011326829597360798
-0.008542868225401153
0.02233056708339874
0.034969714817231615
0.0277972702470944
0.024694964837015252
0.02277020752712304
0.004582777986064534
-0.01811435591608624
0.0029821091044952316
0.007090777711039529
-0.02961977793028116
-0.049168140169347944
-0.03893593863309978
0.0013441302269345478
0.031951237547659106
0.031390757343621685
0.045499540111488906
0.0641945205159573
0.04871554241547198
0.033262899256524384
0.0015819983161204868
-0.04051551621025921
-0.03546634251769824
-0.02709071544122703
-0.04564032177925611
-0.06483582174747256
-0.05768055326728409
-0.02688452452457647
-0.026110147514591245
-0.05170791825530364
-0.05481352137086992
-0.03343144288236584
-0.014868004862234524
0.004957688959691972
0.031629665857591534
0.04271384815765679
0.039125887506989136
0.051128134409390284
0.038380517851328226
-0.012373120716517975
-0.03116020336282933
-0.0416295750474483
-0.05385365815689139
-0.0507786450867172
-0.07522699292588984
-0.07784211748497416
-0.008341124411193517
0.07229608258014968
0.11116399144308992
0.1275473866786709
0.11489896074277507
0.08082987498037852
0.06961030772962966
0.07625161674487149
0.07412240428935224
0.04159314720713404
0.03272582212368601
0.05127841222356419
0.022271249897838588
-0.05790545107344076
-0.11398092208619438
-0.09131613735163893
-0.010900278787139726
0.04623450551931078
0.07259871386891426
0.07893432999627678
0.045125609887408394
0.025221295238045817
0.02868253941484538
0.04039271495085225
0.04832095937024462
0.045800874112493006
0.016691615240017693
-0.0360956827560619
-0.08042499147033298
-0.11637304287925235
-0.12383724746672133
-0.1141471824855774
-0.06390276049862552
0.01165764835458507
0.03268750024324145
0.03915639971511561
0.02284177370371764
-0.013715792792009745
-0.014517052198967617
-0.014265116321307041
-0.037611822961733904
-0.0637903634870576
-0.08447229577123108
-0.07655658315160493
-0.048988336085745536
-0.029010234303142417
0.00919133048535427
0.024278556222505607
0.04015697181901798
0.06073805295269181
0.07647866804871055
0.04787495183819189
-0.015241408387484286
-0.026206587886705265
0.004195036836485959
0.025294244323393084
0.006519037049241151
-0.011123578334775484
0.00635762072235577
0.03659469746600782
0.06985129190401627
0.12188711261365862
0.16102132870807004
0.1971464339505396
0.22500646697948598
0.27805546943006254
0.34066076054792244
0.3678988738244951
0.2618155023292802
0.0705899416090779
-0.10046165282244411
-0.24589819664028417
-0.2539434564156718
-0.1931383596315184
-0.20559551346000915
-0.2993706857073915
-0.4156408796129931
-0.5521648489502996
-0.5993464264262706
-0.5765030051670971
-0.19517686572682494
0.03458854572744762
-0.0030610283081162213
0.06372420181127317
0.26489163106692837
0.45747114507698755
0.5665413919119296
0.6168387951310196
0.5968538177232859
0.49447368386913476
0.13762251261288025
-0.04803150852512651
-0.24538563824611884
-0.3615276341752299
-0.22023221450912575
-0.054208129064564715
-0.031609428168528055
-0.072152887957148
0.035320475481909974
0.16284074884638686
0.22090179661381948
0.04759533443429821
-0.2414306489422564
-0.40114758075291984
-0.52356536189788
-0.49319222301933346
-0.2965096472804308
-0.08496736672638514
0.0559432773899608
0.1685102077087433
0.24096188698288487
0.3500116107254563
0.5177755666228616
0.6329223093278882
0.625619876524151
0.6168061034794555
0.5882629187158408
0.5414113712461357
0.37633383884313065
0.16971499885190033
0.0003449991502765169
-0.03832403394223696
0.014325860523403719
0.10344134118797828
0.3385516301069354
0.3703790285649792
0.31617211895090935
0.2985580646542274
0.1954919509780901
-0.016216909108127637
-0.3204145093852283
-0.49340056743366645
-0.3507212271304384
-0.1928300721681181
-0.3211570768993266
-0.5666168940595896
-0.7308511894182832
-0.842608897577834
-0.8977612705117411
-0.9429605922897
-1.0
-0.9015490913147882
-0.6421587387249478
-0.31464573017192954
0.03666428398147992
0.10288358528823788
0.02999391572040335
0.027809827992615836
0.02664193171336686
0.19381572546277495
0.2960426236866583
0.18341578461909683
-0.15876288044585185
-0.4462576491329577
-0.45429097386094885
-0.2946467420563827
0.03194446570554941
0.22981937862510848
0.31326619436743597
0.3331847506418331
0.3803458309711885
0.45728485455458273
0.5191416106346461
0.3261171269227426
-0.11320358726011528
-0.3064427202048677
-0.37318065121251
-0.06326280844638114
0.4207262476340714
0.5664280089616638
0.5730312036625028
0.4912584858835632
0.3246133109507952
0.1470673383157832
0.028045285721142805
-0.17425584330839514
-0.3451143494296474
-0.4768899861060481
-0.4196788174962605
-0.03223876840689171
0.1479483523796798
0.3002336415256623
0.3954400335219157
0.40134399011985644
0.3292985954265417
0.06341557705305517
-0.1420990115964553
-0.26126752797925373
-0.32532318681332933
-0.22752639656270635
0.07039617870917272
0.21999481084895808
0.23065125142863813
0.14141401771316708
0.02926367244002963
-0.0013332169233782928
0.05003620730139497
0.1827447495521114
0.24399865600988013
0.0845159365314936
-0.15668441788752255
-0.3161539569222626
-0.4499318275281868
-0.5452246188892882
-0.5756711842550779
-0.5004972503985916
-0.42100438612991814
-0.39534585043050496
-0.3679990244396041
-0.21093312611323503
-0.02002152200394635
0.10987041392560573
0.16702154405783828
0.05952794292971683
-0.1356034658339809
-0.16559800425250926
-0.05439566498321958
0.06383299236286695
0.18497006508492694
0.282199006537033
0.23953816555726942
0.0567151117159355
-0.026857514993403293
-0.03788523933013249
-0.04234713085352454
0.008705864648778799
0.08112638307091365
0.10028408007378974
0.10585211697903193
0.18846405021022547
0.2634010474301378
0.3044474916292507
0.27743225238992836
0.06469817951608572
-0.11691338917724713
-0.23727520273364475
-0.35990498664442244
-0.4179822245631059
-0.43172854513069525
-0.2930464078750556
-0.01710004034564935
0.20555973426357513
0.422582406961765
0.573565167304716
0.6163180638239633
0.5982577425376765
0.4537066754536291
0.2771862866305415
0.11119626796257065
-0.02262340903872274
-0.07648541394506506
-0.10440416221805073
-0.12091666353155459
-0.11486014589298153
-0.05617071788012802
-0.0003792322391575932
-0.049599592132728104
-0.15823052544046162
-0.2247244366203578
-0.20578779745186737
-0.1712264428758794
-0.09719048984288547
0.005975136182782656
0.03848269223534356
0.016862026960234238
-0.03538889443839764
-0.12048513373090877
-0.2077515538264151
-0.2556411909620556
-0.29360657673003054
-0.30481358623525795
-0.2788616040444243
-0.21453605746465865
-0.17696351637631202
-0.20159623475200397
-0.2174003650567758
-0.1884554362194959
-0.1092779685511501
-0.02986499126276693
0.038792718064342875
0.11617580324814908
0.16515692641394633
0.19437688025644786
0.18672887593907417
0.12330919945669588
-0.002699476803846199
-0.13064803415499215
-0.24368115780338048
-0.3383822043254169
-0.4132691781292851
-0.44771813569370517
-0.4640496913103774
-0.3970779890482967
-0.0887356503757594
0.1441745163386907
0.3083505115854283
0.5115356124949567
0.6124716056141425
0.608059789398305
0.4290447162118159
0.194212747408992
0.09655515613506842
0.06820851046716629
0.07567912365617203
0.10641477662650696
0.13242648594583303
0.14164898247234506
0.13939369959226247
0.12957214152371635
0.09765520426444432
0.0041311506034334014
-0.11422208788086746
-0.17866418279303461
-0.23329055743157778
-0.19223132197514653
-0.03996489539320143
0.09116414711762118
0.1881855225280506
0.23725024291713312
0.20820972991766112
0.10450973549599851
-0.0005876329557793521
-0.0700715194742352
-0.09312050895193419
-0.0487269844935194
0.052533823535135096
0.17166619748092662
0.26462750327889484
0.3395508011400565
0.38320842614346184
0.3901647425727033
0.2904951617652973
0.13496641970631998
0.025533855967329103
-0.03502113930405701
-0.06482951692895664
-0.0674031023339504
-0.05896743677992421
-0.03424805958183227
-0.010537017457601392
-0.016622573585404993
-0.03674500122593693
-0.0732835001861608
-0.10858080610866862
-0.1301932829034338
-0.12148783338673835
-0.08426937401973693
-0.04139808701946839
-0.04542486822799573
-0.08899515981936565
-0.13454503469596113
-0.1625303338310594
-0.15784499746380243
-0.1153893355162362
-0.08666621694024303
-0.07778895463254973
-0.07591953702394404
-0.05565987190580653
-0.027471391561662034
-0.026467446509582413
-0.06848446951957542
-0.09427870151873477
-0.05967526292779685
0.007466480030200859
0.0640329044067568
0.12289645438282183
0.15395886819426624
0.19519954231687808
0.235191109946435
0.28053640254320295
0.2713487511659374
0.03569736352208438
-0.05251132856536838
-0.09534105046579118
-0.1172875010216141
-0.08405516586472661
-0.06266312420622205
-0.0384817062966456
-0.03723459762674177
0.007459542135257816
0.06877083281982359
0.13264123896170277
0.1711796626792365
0.2001166780611775
0.2007761932128499
0.18654136596617452
0.12560168854974904
0.04351671360686213
-0.014853283240728607
-0.05597096151076943
-0.07110831185241016
-0.050523650204517406
-0.015280207669824698
0.027675013848546846
0.06961134555983804
0.0801129159266721
0.06408365430394673
0.013600020237689064
-0.06390141131935463
-0.1210144530829395
-0.14544629942179885
-0.15014873404173892
-0.15292985954265417
-0.14473611221020213
-0.10724859536167734
-0.05898469070713858
-0.0031545445936181226
0.035060706580751624
0.05487506470222705
0.07004220077084838
0.06980163172854513
0.03928013502171011
0.0020022323727782324
-0.039639717243159726
-0.0955117216435598
-0.14320611697124822
-0.18451466518948834
-0.20884877386847317
-0.20321426393838402
-0.17714376153775302
-0.10131703248019365
0.03410019472289284
0.11353138593143314
0.14557493847612796
0.1457285632927239
0.11552191832535717
0.07100844664060847
-0.023120978570103482
-0.09693614360456593
-0.13747991474224835
-0.14699388588278486
-0.13068889871944725
-0.01779849229216477
0.07527517419331403
0.08501425070604886
0.05267976840818899
-0.047510128574189944
-0.11329860061569277
-0.13167296932303632
-0.11563268075434688
-0.07328124290545757
-0.030281420633880746
-0.005351672657973973
0.022150438677856203
0.03277073422595379
0.025233609093468286
0.009947628493109456
0.002474017272089243
0.013004316076379113
0.03703953743907612
0.06680170567394748
0.09220249624110871
0.1122574234048874
0.12611429883542477
0.12165500188755368
0.11270200392040361
0.12800120388304173
0.1500541877097552
0.1663431922878837
0.18537920369882685
0.1957348032468518
0.17415286460596832
0.10771857677154373
0.049755629904558535
0.017251701068575927
0.021591886243430856
0.04967086512228883
0.0697734027468771
0.08893644457532636
0.10698003084950294
0.10593200395932224
0.08929101926602052
0.0846358578120723
0.09373438552019293
0.10635006791301425
0.07846157239060296
0.010225045696961364
-0.05434878100355586
-0.0973221126590637
-0.13020449146968432
-0.1402637126559502
-0.1359129468021208
-0.10504722776092025
-0.08398928959224948
-0.081104640528048
-0.07551797457056532
-0.06887004938774503
-0.05472997603909507
-0.04405148156748686
-0.02633867772647725
-0.004616463360053137
0.01614243181779853
0.017547718784337585
-0.022032826569491164
-0.0752347247609423
-0.11125311511223485
-0.13027324772098972
-0.14340499118492966
-0.1479859996704889
-0.13219183253571756
-0.10775962295628529
-0.07097103286159626
-0.04289725870123333
-0.024337536113248032
-0.011967886938777098
-0.00530666455641191
-0.0022446326664841815
-0.02792852982269968
-0.06276122510666948
-0.10002869600526179
-0.1290630079692387
-0.11760634840738467
-0.061408517213062654
0.0025752218037748474
0.033745412466157004
0.05827564510877109
0.0799556327585916
0.09893622403640707
0.11196226449362318
0.11210797585488019
0.09048914235008867
0.0593245022631185
0.04165949050320494
0.030920308910161527
0.03481344353360429
0.04256512708879545
0.05612583172361543
0.06386692941068109
0.07011811805059162
0.07462790543810055
0.06646643462512924
0.05154324054698841
0.053729455826703104
0.06779039462196386
0.08581836155150427
0.10455563353696426
0.09731780566369891
0.08684602102384543
0.08926255677255562
0.09588959562243218
0.0957020078122669
0.07191322701627707
0.01744398506043415
-0.031012494178421172
-0.053602373517686576
-0.07144716341544732
-0.08797131437304029
-0.10398207667230122
-0.1261008589342262
-0.1440779202920454
-0.14422041437965644
-0.12260894946934443
-0.09655139400056302
-0.08013229740581367
-0.08230457981498082
-0.0757117893619809
-0.07383762368017187
-0.08899609386655319
-0.07793866164010901
-0.03785477901351644
0.014101178067015292
0.06302693558577083
0.10133244425878815
0.11338499998054069
0.09359526438075914
0.039824918043845726
-0.031880509418957786
-0.06814180393052245
-0.07282280735665943
-0.06199284156613768
-0.04559470914159766
-0.019187607269481693
0.03537260050412602
0.07674284772825454
0.08955771568381983
0.08621857482561208
0.059691089838474695
0.01380472186799059
-0.0189736871123542
-0.019851569523597016
-0.016447452710617913
-0.024383439343364826
-0.04171436577547322
-0.06903833355603439
-0.0880100513855682
-0.07319165221271887
-0.05930216296788304
-0.052417846009348255
-0.022480149551333026
0.009574738693812845
0.042902603526806506
0.07845347731497758
0.09706436752681169
0.06532886893372027
0.02089299840822792
-0.008495052793125412
-0.02803558200869442
-0.02930225377802628
-0.0350652470879133
-0.05368739775750837
-0.05063762990715311
0.0011547768081272482
0.08951607274670846
0.16527228124160817
0.1956283737589821
0.18188373966548138
0.11683204923466509
0.04448142867706486
0.007739055756130658
-0.015559262050830329
-0.04181895311472305
-0.08491018228190321
-0.1245530130156881
-0.13084771268708512
-0.07033764508541991
0.01821705699893233
0.04223769165805051
0.014789830301788051
-0.035131797950025884
-0.07985309513400334
-0.08942401720722484
-0.08579962871624294
-0.0878863160789737
-0.08335151698344272
-0.06458663871443972
-0.04673211915847538
-0.023849320026620345
0.004689007691619131
0.006188397317727827
-0.012338008325992847
-0.03555922832134856
-0.05122478234754599
-0.04502784628177868
-0.027019701909218395
-0.029039994084367814
-0.04219661952755374
-0.03850051696917255
-0.03186683600596234
-0.05052276804884029
-0.0681121479323179
-0.06655960583208685
-0.04303344797032843
-0.0034273252910140763
0.024272352592434994
0.04436874626218964
0.04677352858378987
0.03526056673313104
0.023522675941409294
0.0265256168927623
0.04318434848262737
0.04055298188078185
0.028592870884841064
0.0321437031598038
0.042996163920092256
0.04008964258424911
0.009106799214881448
-0.05970992645675685
-0.1086490174991146
-0.10426444432624711
-0.05292358066989345
0.02684830425030389
0.08758417775955808
0.1283709827862887
0.13026800667843738
0.0930079043743246
0.04497932771953676
0.025789356791755477
0.014157700894739368
-0.011156173987045284
-0.059531341823649296
-0.10093832823715458
-0.11182890331184592
-0.05482963368485507
0.04011999911784432
0.0829209990672501
0.1137706057944655
0.13438103157728137
0.1516198843078775
0.1625019491748601
0.15422888566873239
0.0842243581344483
-0.003267982029969942
-0.03218075369824308
-0.02098632528971679
0.012539028253630137
0.052839360748483145
0.07471235887130775
0.0946296438036996
0.13326274358199314
0.13817725880501636
0.0481259510740894
-0.09590002581602643
-0.17586294933183194
-0.20650893377216253
-0.1294490029694917
0.039766228745561655
0.15261703157209222
0.21837135899973925
0.22559906802847288
0.14878027707471989
0.02406310786039627
-0.05038439933630758
-0.07303522525456028
-0.05612663604202693
-0.009204440875461671
0.026663466690190818
0.05404420378315057
0.05053537768587214
0.004407869866470171
-0.04799967308348436
-0.0751784484178927
-0.08285270983953846
-0.06970721512533745
-0.05671254308616975
-0.059938041536559516
-0.07542194933053464
-0.07892792139474002
-0.06812177380750066
-0.045861716908459485
-0.02793125412699669
-0.013245328791096455
0.017258548153375738
0.06627448792808874
0.09236937933861675
0.0672869431878771
0.026005482338075786
-0.033052245669977776
-0.08811645492768269
-0.12083651709371218
-0.11481756890868262
-0.07195979964687826
-0.030943919547402245
-0.016466813433155304
-0.020117972754362452
-0.03440791137967851
-0.04081399617819025
-0.01297477164492196
0.025140699938638288
0.060660008121021375
0.08382035678007989
0.09123422660244226
0.08138257145785306
0.05717915154785889
0.024647328430450456
0.013715984790598296
0.04093876931499314
0.06795252964626854
0.0393984217197106
-0.018507605349495807
-0.04242504595641891
-0.0013743469129091806
0.06712818111174966
0.10216351274390631
0.07394298939207798
-0.0011702319161329409
-0.04522451510626733
-0.06916824395236879
-0.08108642660789088
-0.08014804647922588
-0.07922022627293118
-0.0799358361473667
-0.08172588569078627
-0.07719087902921362
-0.06271833677330804
-0.02235540236028535
0.029964311613709216
0.05365719689844442
0.03631928327445809
0.004764569514516001
-0.019213280594261577
-0.039716309112538414
-0.04979485988643543
-0.04719945410131039
-0.03214977446652284
-0.006241604277936119
0.03358436716357112
0.07482091591110465
0.10492380380338825
0.1267538357555858
0.11835861963393134
0.07080101032770786
0.009203906392904354
-0.008887900067329235
-0.010079344714006426
-0.0046890050970436106
0.01311858118232212
0.0431343510123385
0.07168134980196902
0.07510808352976432
0.05290648241721033
0.009128258949015294
-0.019911774053985334
-0.04675521088061191
-0.07100774610521782
-0.08607966125221998
-0.08767309386266134
-0.06868492642432467
-0.058308336760335165
-0.07131061090577928
-0.08534498124770541
-0.08049416285372173
-0.05827452944129708
-0.03010299167530444
-0.0053691808535894
-0.0033049858660498493
-0.018403106225813693
-0.02667067961013908
-0.006906832684905667
0.060787194213058754
0.11886661157517978
0.13742638864925102
0.13193507334216353
0.11168975622665693
0.05849592457050046
-0.006543470166922016
-0.05919207512852878
-0.1009451519707747
-0.12605986464099506
-0.1390511118404751
-0.1375793648219667
-0.1361420218748662
-0.11578241370766139
-0.0832781164419548
-0.03445041052671181
0.038248428011556236
0.08798921694413489
0.09773926851132338
0.0796564522552699
0.07104798797154788
0.0629291460343859
0.03664235981832782
0.010599048569156463
0.0157496701645869
0.02370557275903269
0.005403247630179583
-0.005258701233331473
-0.012519916610342756
-0.029112564361689013
-0.037199415182677574
-0.0015772193674684337
0.04417833036470651
0.05671544901075321
0.07141475716719055
0.13027036774216147
0.1674355864194728
0.19352534057046933
0.1497457705175789
-0.019103187565756272
-0.15129854612960683
-0.22660280551451079
-0.2442246175920004
-0.15803870847219717
-0.03497430721590371
-0.0035676139894322938
-0.04031799117584865
-0.09695920938094725
-0.08829088823995672
-0.0048095802106535865
0.06105422792567578
0.11970909619259015
0.15127208145929305
0.15488046141931064
0.11052165238136628
0.012296689710821585
-0.06507410756331737
-0.10225562017490032
-0.15085925854815335
-0.12380040449432372
0.0326177839989933
0.16461704713954534
0.229626316260594
0.25530913718688336
0.15235508322749627
-0.03551343406340364
-0.17267299656607932
-0.24899290253866244
-0.26769662666263644
-0.18661512974823535
-0.005542226067959717
0.11264533839102589
0.139992942754583
0.09996154839077939
0.006643532566463294
-0.04521753569811595
-0.03908922615487799
-0.006813783422997539
-0.022111213885130356
-0.09588230486521829
-0.15184794749616976
-0.15456400104301934
-0.12374137790122192
-0.09620032198682216
-0.09986640530642585
-0.10038052044590375
-0.09426523567178101
-0.05063887530340317
0.017483191691131352
0.05237887548502346
0.047813123103527456
0.047603481401434014
0.08369016098043819
0.12088571024558954
0.1403684816154865
0.11311996409107479
0.04091329058337733
-0.03710235211243852
-0.0961931090668739
-0.12753560730580574
-0.1153146117412326
-0.08854598690517734
-0.048457641608688706
0.015361568369010908
0.04754759424471258
0.022789601979142208
-0.026659912121727105
-0.060667246986724856
-0.06133439019042887
-0.04859979840148202
-0.035637610447836705
-0.018451614409753528
0.009042381093847094
0.038947328819636785
0.05348426843997255
0.044158014838377405
0.02545535967951803
0.015012348882192
0.009110693672738404
0.0049292601957088315
-0.0011073253947970977
-0.02032594095524487
-0.06341568083607602
-0.11140398967877857
-0.10417905684585238
0.008798711533796293
0.10903641357014889
0.11107961584714837
0.009071710175536008
-0.08152462446762553
-0.05923322509629118
0.027954838818482198
0.0815169185783283
0.071140354860094
0.04793641733228339
0.044250174160881846
0.06934690642274197
0.06873855630034288
0.0267262294720428
-0.02507006521465572
-0.02367235440863786
0.03704592009485768
0.09783039000361943
0.10533621158244458
0.07795630475365153
0.02362745527924768
-0.03261742075842037
-0.06269931853473941
-0.07738669164378034
-0.08572516439879144
-0.06402358988063656
-0.0036729900796404953
0.04079881791139266
0.04827306350612774
0.01660340486145615
-0.024762880445851856
-0.016261774508036047
0.004606287434859938
-0.00868093596717343
-0.03682805358836281
-0.05232768450999495
-0.041928989062566896
-0.0006301118651235861
0.06087984650491218
0.09998746820023377
0.10383623558226815
0.09168978217241214
0.09083580358544391
0.08227533894885962
0.055740070235159346
-0.004524392253116409
-0.07498037852262275
-0.11600235587457301
-0.11043060872633585
-0.054819462948812916
-0.012440626382422269
-0.023859158656995817
-0.06274534630448123
-0.0708875134755766
-0.03442877176686701
-0.006602789947057686
0.0037856439541849854
0.012104553609768058
0.020786044816102973
0.03418091196734986
0.0386704097742849
0.0266777628013113
-0.00021715014419353455
-0.016280053292581198
-0.015281170257342972
-0.008491804384573172
-0.009176045840960304
-0.0037178243446426558
0.01549409928662146
0.020949702856238463
0.013929873812819536
-0.0019503141382311998
-0.020667501255125908
-0.02257166801368379
-0.011052943610792914
-0.00442752377604143
-0.005122216182626982
-0.007521222979117559
-0.00157590417713686
0.00991377447171199
0.019402736498801955
0.02392429547544948
0.017171912682155416
0.007971560857714775
0.004122380938172562
0.005793741624385896
0.014766715228471833
0.026679916298993696
0.04252050038983497
0.05495775382407999
0.06017012631690924
0.05515130915794349
0.03444420949121671
0.01764068501982904
0.013204103580643946
0.01684719636655644
0.01885743196698662
0.014868137185586093
0.002846825342256943
-0.015737709171435278
-0.037786463840049606
-0.050974846887612064
-0.04825529066380917
-0.038437909861851825
-0.027032622895312768
-0.016333940031575983
-0.010184526211050557
-0.009015752965275499
-0.009355458143659052
-0.007178360202324999
-0.004233781632740429
0.0018971556965851496
0.009303698956591454
0.014410472225717692
0.01873389903728275
0.02505276977423301
0.04038023504259644
0.050761443051013246
0.0459413703769529
0.026271971189833414
0.013205507246000786
0.016197820816019948
0.024025242625243404
0.016450228906425335
-0.008858750011351267
-0.031066072162928962
-0.04894638179957163
-0.062348895164878786
-0.06594092929911434
-0.04909959148408422
-0.019510219384333175
-0.00905214448153246
-0.021200185771607302
-0.03271834974618565
-0.02582770202337972
0.006037673236564315
0.03690534599313216
0.05379172563920612
0.06903729572582602
0.0847910134282256
0.08574566154540703
0.05126946093801689
0.006040636241809249
-0.016058048438130402
-0.013655738747001643
0.00535580322220334
0.024759027501203235
0.031112541010509327
0.04022894534396936
0.050785053688253964
0.053031255554013224
0.043029607998557415
0.01828449261129756
-0.0017604843553582525
-0.009512619366690062
-0.008362036689892442
-0.013459754890450535
-0.020296201930623644
-0.019545222802686422
-0.01904830191518592
-0.02895463254972828
-0.050367819998728657
-0.06128773972256203
-0.04684127295064209
-0.018979867391245124
-0.0037447534439746816
-0.005568760791812557
-0.007628301110867509
-0.00792264791999367
-0.006914927760531058
-0.01587115597420473
-0.03719432981465649
-0.0488631737626145
-0.03824082590527983
-0.012179002359766437
0.008195571319043277
0.01263312312947321
-1.4914209063111752e-05
-0.01220511157323384
-0.019237345282218463
-0.015302617018599213
0.0013589686043389085
0.014564270878873539
0.014878632243568371
0.004101650279760106
-0.0006996088677402155
0.0074085976449038
0.017985958157280574
0.015865569853108108
0.009526710506344386
0.004280844638115093
-0.002740803202744023
-0.014886011216349977
-0.018686911274598195
-0.007860790644998502
0.009922891810092638
0.02559204970168868
0.030820884776198404
0.02313761239376835
0.003547879648019885
-0.008933442651448617
-0.0216661819134735
-0.04442110479620257
-0.06683989782561599
-0.0841986718367908
-0.08826953488341922
-0.06893771591733164
-0.03567751501934905
-0.013495435493014752
0.0009113202627267172
0.016559263348118088
0.02765526912883235
0.03316988372409803
0.03084566297242355
0.02572412656858306
0.02189405569775271
0.015142274845979511
0.003100206398482692
0.0012523219504980937
0.006695450022637671
0.0035640179077602455
-0.00266907616246713
-0.004384658793859677
0.0031465091932297144
0.013660240335530507
0.019738484949516046
0.01945197116388766
0.015669469240658554
0.00969303836469094
0.0036821982281643765
-0.002198974104839013
-0.003994006530546586
0.0003613416031103771
0.005478866533737914
0.010651957153179846
0.012855706574265184
0.008033078243316697
-0.0027467577535646224
-0.009284312288298853
-0.018891778957733068
-0.02770002555656888
-0.03346748153635195
-0.028072139577784726
-0.01463686191279891
-0.00491193102580435
0.002140059597399716
0.006651430454349092
0.007015781505606229
0.003870904300379197
0.014307688116454928
0.0334619291447371
0.051991583197010006
0.06026882396972649
0.052249094817465126
0.025899932411307676
-0.005620436952463484
-0.02772202755698661
-0.037030638045039234
-0.034520126770959954
-0.025808945836938713
-0.024163844849573
-0.027951958839653936
-0.034354800418764486
-0.04171830953026508
-0.04253445920613772
-0.032521317681124075
-0.01599255356825485
0.0001339230111605666
0.019414975111534314
0.04418743732478507
0.06929862137229693
0.07800170982526831
0.06983089854042154
0.03994317879609101
-0.0001943388697250658
-0.0316726320282186
-0.04336858929037062
-0.0328051123516065
-0.009943542036663946
0.011838261945750021
0.023793718273206206
0.029410862709333595
0.03160613305761644
0.028362861764908105
0.024050433358976386
0.014196274449009455
-0.0022476034554556787
-0.017796992627513657
-0.028506004496399378
-0.028917633902799417
-0.02648963013028661
-0.0259353405834422
-0.028863822406494738
-0.03237983547796622
-0.02965018635538679
-0.025068046634900414
-0.024815539950625225
-0.025232610181892715
-0.020237670901446344
-0.007657983054827272
0.010463391188043156
0.02609177791990286
0.027328638016498905
0.02186200750091783
0.01202602099789969
0.005042910387253369
0.005557217525319814
0.008469205631785626
0.009512767257494755
0.004114804777651364
-0.00510732072456116
-0.010730274415279973
-0.005865300017253927
0.011832369664741924
0.030575360094650117
0.03962433141032044
0.035612987926142814
0.023675423791479154
0.005275169004162996
-0.02177905373236175
-0.04864541103914047
-0.0674109379520237
-0.07109956813290454
-0.06765334914294684
-0.04958807221741505
-0.018049665364622183
0.007253647000216647
0.020383190264114816
0.028185366853519345
0.03500832210098347
0.03706761074621289
0.03361428261932777
0.02654852699461236
0.02170045885068088
0.022187644890826745
0.021973491221902366
0.023026971909828123
0.03229242422866513
0.03992761134296526
0.03899351226390984
0.03750362916250994
0.04217202295161506
0.04648049722445284
0.04134635118358048
0.027455019790124782
0.013772715184364048
0.00525100053318527
-4.205415138569792e-05
-0.0076878466190735024
-0.01794043892434088
-0.023797280625396485
-0.025478025891269122
-0.020582329124499407
-0.009478054431599854
0.0066677114157431055
0.0196747362289661
0.02658692671232255
0.033451421113877215
0.03433754649155012
0.030663757282649164
0.020029741619196743
0.010861829772494646
0.01002761406726956
0.005636510347815821
0.0030396801407297763
0.0046374690434708155
0.004327118892531384
-0.0004954884223553816
-0.011235630267799113
-0.022153118874369358
-0.02544087935353556
-0.022824405615180343
-0.02435497425532439
-0.03044809616534711
-0.03901834235164541
-0.041133881394169215
-0.03257097785659522
-0.02545041960772613
-0.019544631239467643
-0.012781426471675668
-0.011009492254543425
-0.011600889420488585
-0.01681305434727615
-0.020709961483526388
-0.019538923173321537
-0.021014393407702513
-0.023466441111568044
-0.027723428627767922
-0.02129664949490101
-0.0017037404697997894
0.014543991676601729
0.024093482556020125
0.02623546551225353
0.023187690295898365
0.017879793316114
0.011447108929361384
0.00010254089375342971
-0.0067536593244503715
-0.005974842995748788
0.005940267682356497
0.02518340146256222
0.04072409413638905
0.05094534656393877
0.04692590800413575
0.039328394126399935
0.030357337913623987
0.02597522958750141
0.018716341544732427
0.0060586270284715745
-0.007342786236814691
-0.02269468981201003
-0.0344368668424924
-0.03970315461464716
-0.03532579436172793
-0.03175827896616543
-0.0261159853095134
-0.026894046616738384
-0.0331159424990173
-0.03343097585877206
-0.029699613019061048
-0.021707479772040593
-0.01803972035665035
-0.017870631869949496
-0.018201774949113885
-0.014719405738422679
0.0004841192518800943
0.013096706316104918
0.018894591477597783
0.020532183763405848
0.01500574309291564
0.0035220558378597864
-0.00879266876740798
-0.014745338520754658
-0.009024488901054565
-0.0013214858096178318
0.0034703537314536496
0.006216426517080739
0.010245983921415496
0.0116449012050506
0.009365182612711603
0.006336459364406834
0.003895202500132972
0.004208868518588187
0.004609813462992921
0.0096605490900175
0.01370822441521511
0.018351300336386718
0.015046983870821274
0.005735132757942968
-0.0019333131821301203
-0.0020673217104998577
0.00948806170938419
0.021620320196565037
0.027692112101229956
0.02627965113337545
0.019063420506746545
0.011630130286609785
0.0016058933188383047
-0.008926520323958699
-0.018448039084685647
-0.024373068825007557
-0.026960960719423898
-0.03209744187826511
-0.03344955301950213
-0.031969996328675636
-0.01750162096105672
-0.0001222008227398977
0.01367649275659379
0.026458884410363252
0.03247684665669485
0.030640042862387605
0.024809650264192653
0.019190920542421958
0.013836777848552032
0.017467331050971733
0.028523803284473154
0.037627130957307554
0.035474982454183034
0.02376372498018393
0.0065239382024002415
-0.010210435642202847
-0.022133592098998622
-0.029179374681353693
-0.03396779353405834
-0.02984031684956262
-0.023256968056883473
-0.016274080579731953
-0.0021749039682735305
0.006403677032428301
0.0016387100289424897
-0.010120935759607388
-0.020472723876192044
-0.03140149888627846
-0.034623831954532655
-0.029748053744037342
-0.02036804572679898
-0.016818269444073275
-0.014829973574248317
-0.01105008698314434
-0.005330407517004199
-0.0008255230988572192
-0.002669579510118196
-0.0019386912182699628
-0.0048917530119778575
-0.01045429979541772
-0.016435058423354295
-0.013290860996913751
0.0032602657623706116
0.023524315713138542
0.02863461760497328
0.015415436945977046
0.0017277524878736026
-0.0017366998815576274
0.004135512084884133
0.019082389448380272
0.037215553442417934
0.051532421167066016
0.059974054244790416
0.060383607990773684
0.03695106241381144
0.002673222294149621
-0.02324450112150527
-0.0368350589422694
-0.03244293555463592
-0.019389011194296084
-0.0031117626378530405
0.009042217635589272
0.01576557491253037
0.016978909992877888
0.01732148477178762
0.016788001126045775
0.014139915079543198
0.013878867052653017
0.021393063921259822
0.03145043258060373
0.03453958608736714
0.02885562354784851
0.024500099242513677
0.024712304385221817
0.0169294547888729
0.0073469297739216614
-0.0003275726837900002
-0.005218070180673266
-0.009296182471307236
-0.014893444675217523
-0.016407288681553476
-0.011990483096989125
-0.005160177417074124
0.002501085700126745
0.0002190473497059697
-0.009447526656020258
-0.025574481830836267
-0.03956603129836451
-0.04927236426802484
-0.05452256567194966
-0.052202937318947276
-0.042302166859746325
-0.02878339056534503
-0.014619932307524659
-0.003663631445736399
0.00024307581738858565
0.003363106952294837
0.0059877328469369094
0.0073157325978576585
0.008991945140295185
0.012592515427994692
0.012857310021937136
0.016375315727408704
0.02635380410176444
0.03392469763465523
0.03662012430611321
0.03680410565630436
0.03338743888153038
0.03224808293301195
0.03231107922666082
0.027515473399763114
0.015694810459771755
0.0016413466365868877
-0.00977344426008544
-0.017145380552878096
-0.018888706980316253
-0.01796474490782122
-0.0183266752201173
-0.01575704135364194
-0.002367565989785156
0.009477294220972213
0.01933340944088195
0.022233389851836764
0.021339592314348392
0.020711276933315516
0.022954118823775134
0.02648874797460948
0.025491631845301028
0.020275901971747667
0.011981954727251734
0.006635979757121785
0.003516851119364744
0.0010491812168299736
0.0012972260095817675
0.002893346081347726
0.003077410457955552
0.0026531532524950085
-0.003797755432716819
-0.00892560184422428
-0.010613744244907172
-0.01509750025621433
-0.016020274013120766
-0.018660999248870384
-0.02112095002977275
-0.016171997005859848
-0.010489816939724119
-0.007719212442546368
-0.006304597977009466
-0.008369599877536035
-0.01304602647245404
-0.016390338319675055
-0.016242024599170513
-0.014010391274961438
-0.01132299740931634
-0.004929140845234868
0.00159809973288845
0.0070738584840673606
0.011102832108909902
0.013706148754798341
0.012802559289293873
0.006035592386996506
-0.004141552256696924
-0.0146041780449614
-0.01956993872909907
-0.02080390846856477
-0.01945952916238021
-0.017822227469030498
-0.014474111974095758
-0.00996829688170941
-0.006091178572957518
-0.004642764572109092
-0.0034419145891684258
-0.0006004470453622611
0.0011822492115733634
0.002213160465414957
0.0014877508792367797
0.0012526678074150372
0.0004001063775963593
-0.002821943363010953
-0.004172064464823394
-0.0034843748175689086
-0.0020737178580741244
-0.0015584875700373228
-0.0031179922136788615
-0.004753210462885246
-0.006762050181685151
-0.008377414739005162
-0.010249956216538084
-0.008307947574007024
-0.006945759101446605
-0.007139459731539271
-0.009489691102811351
-0.01291187394514289
-0.013777603364645535
-0.014866614169755292
-0.014486877285658872
-0.013457570257861888
-0.012898958148199559
-0.0110552320264024
-0.009356854025289327
-0.008651954558604326
-0.007858058556974933
-0.0059135487436416685
-0.0030749559895127255
-0.0007981695269699639
0.0003253579541253102
0.00014737373173905315
0.00021652274988681166
0.00015156155825016637
-0.00047131839463234213
-0.0022931657583490197
-0.003620335764018167
-0.003759615172558731
-0.0030551152705039575
-0.001680509678415337
-0.001326172391381339
-0.001380725936285009
-0.0009311934139294975
-0.0009604443988952297
-0.00119591224626673
-0.0008504917369256097
-0.001078137976931629
-0.0011024714629124888
-0.0006137323098597762
0.00024403251522042864
0.0008809406374093681
0.0010417417904387298
0.0012225123534226991
0.0009830706541832988
0.0006618430048298023
0.0009160091796081931
0.0013607004834991483
0.002020062036300706
0.0024384596524047175
0.0026339715556685634
0.0028765591777271254
0.0030720137408719586
0.003324076752733061
0.0035186932679846243
0.0038076796840844844
0.003962012819797649
0.0040324244102854165
0.0040634970467244135
0.00408715179174899
0.0042191689834063925
0.004385943108742551
0.004503915863105006
0.004477679515437076
0.004383823340541929
0.004269202777752553
0.0042086350067913015
0.0041302710423317965
0.004016693498901845
0.003932151850126939
0.003868722262366071
0.003851984655680369
0.0038601030824854474
0.0038905244804686837
0.003918880596337238
0.00392912138591846
0.003936923274509982
0.003943518685484258
0.003944188085968665
