0.002395388517320457
0.0035681461586145346
0.005362592501004165
0.006043970704620488
0.006058869971378352
0.005394554215558608
0.0063127006838796795
0.009283782193398867
0.011551234275841794
0.013048836909014414
0.01181457536136797
0.007425733563754996
0.007982824151963944
0.011731278597229508
0.008669915249997499
0.0016083937141961376
-0.000444143282631991
0.000150573600328956
-0.0031288198132136055
-0.007557697136548659
-0.011324681562121653
-0.01260641873943722
-0.007561065790721287
0.001351824242970019
0.013471019329976113
0.021707088134380235
0.022669513107971797
0.026267412058828994
0.027669734667263208
0.021831332867344115
0.015312577277736722
0.00860342840371057
0.0013076810556323468
0.008773795587015387
0.04645722404790255
0.0873669274395703
0.09771226928649808
0.0696525712074886
0.0061751909817268375
-0.04465703336397046
-0.055278137910891235
-0.05712603769557372
-0.045990167532177315
-0.029612933535547874
-0.04431749970577879
-0.07391032137532573
-0.08732213910969376
-0.060888924465434605
0.006931651579193629
0.04642330879981093
0.03739668309064253
0.041727938531352544
0.047739166108003724
0.0320169328475229
0.02602162895155761
0.03511399821132563
0.03553309309635542
0.014749287794084225
-0.021422348709548157
-0.04747510078565401
-0.04845487408999881
-0.04898513932744128
-0.04911269077327052
-0.026296762709045955
0.008925323083476393
0.030309249123649618
0.039787803375420074
0.05845034284513577
0.07678811451137123
0.06794904231591878
0.038111838365588076
0.019515171093802484
0.01791591324595797
0.01720879128209453
-0.0017454131270783096
-0.032106142624148244
-0.04253976989280818
-0.03503515169187916
-0.01750529955530906
0.01002917435572702
0.03521086488647349
0.05925834337497219
0.08820103861278154
0.11334210994010276
0.12575119320399034
0.10176842432273137
-0.005801303721576682
-0.11969447688421883
-0.11697977997494712
-0.09253855012552643
-0.11312507712883935
-0.07840497321991403
0.004716829119656788
0.06697499143542308
0.11171481650364191
0.13082318567955092
0.11297103386235974
0.025055215910720657
-0.08763946919158493
-0.07213737057244726
-0.027251783314060057
-0.09269106868290387
-0.15045238595533267
-0.14487957418686548
-0.14389913858700443
-0.14936879425527727
-0.12223426107117485
-0.061324324208425825
0.0003293959150184323
0.026736469755250833
0.02204902797412378
0.018660719348224976
0.06127286527622726
0.13068367479670148
0.1426178588224195
0.1286162169013051
0.12117606530710262
0.05368891455482544
-0.012835439576016516
0.0034221695562286513
0.031221153814083642
0.03737264033398753
0.04898166108480194
0.05598669881896986
0.045804138727563545
0.04126126795761881
0.07699604671518101
0.12943641510395895
0.14507449871614728
0.13731239526558767
0.13065999415845825
0.10543077558616726
0.07342598799958643
0.0475673790393475
0.014646322282527643
-0.017695878663649647
-0.03332793491016843
-0.026994126534655445
-0.007539591215960273
-0.004148097853924291
-0.03293070054189114
-0.06695073903126654
-0.08419205426439694
-0.09526630235648556
-0.09672130366440009
-0.06880835883647542
-0.032001199755474774
-0.023218036736912872
-0.009455326261541929
0.058278670129662216
0.13571087894238554
0.1687419386962117
0.17843265621955048
0.14663184612254562
0.0203846126357408
-0.12596460483113608
-0.2662874429246589
-0.47943286539058044
-0.6558069260863909
-0.6679417046533646
-0.5742678656597868
-0.4695045791302583
-0.4099844622613056
-0.3851459027492887
-0.3422509280475481
-0.28026683362231336
-0.23685164723377267
-0.20524356989671524
-0.20281761477366883
-0.24087201925326418
-0.2565242064246477
-0.22549027735887983
-0.11028292406805729
0.09326412106952625
0.25986246170955146
0.34518985248915907
0.4402563226589402
0.5485364936741248
0.6016954765216239
0.6160477538890803
0.5460159589395839
0.3684176997762013
0.13791584653993474
-0.04154337725924962
-0.03428005380317244
0.033625038772875995
0.11792891139105405
0.2762475574874891
0.3853674143935398
0.4745107708786279
0.5696775383190368
0.597529685371512
0.5949867564720328
0.4989643889895038
0.29610441589109
0.06554514782769454
-0.23872241765498786
-0.34733321230954833
-0.24216992787649474
-0.18591235495609076
0.16303171251991053
0.4831984204013701
0.33607056734902163
0.18437582935836905
0.005349484767441362
-0.2422197191581128
-0.304112140448579
-0.25223715325375307
-0.1139092540789542
0.055329263312973706
0.07362896489881411
0.009782347775663832
-0.037207071219638635
-0.08869304318119119
-0.06352014355136197
-0.04971137733167331
-0.1779724323064894
-0.2913318858126294
-0.29068216914646305
-0.2672440072976389
-0.18627037571214636
-0.026390427495079236
0.045417520146410185
-0.014554444264973477
-0.14290364648475934
-0.2596343747572973
-0.2568349135513763
-0.18741162047512794
-0.05436331244958335
0.15202679104481165
0.2309494506520752
0.18140688720630885
0.06530762673787058
-0.2456075751359969
-0.5638536260203043
-0.5587144034027696
-0.4019989889272766
-0.29622291437662507
-0.11950222059586585
-0.017426295800236424
-0.063419179220502
-0.05817236931694461
-0.10414935288010402
-0.25544433120302884
-0.30567606316298046
-0.23775132089837767
-0.19448345952683513
-0.19534963723835158
-0.23546859313661728
-0.36773696480923745
-0.4501746030157793
-0.39278436182109344
-0.33204948062213846
-0.24529253211775898
-0.13213972434212376
-0.09343727084694255
-0.12423434588311866
-0.09440412700636233
0.06570328874988624
0.192506674175859
0.27085008726577253
0.420600297032392
0.5338945215772544
0.5275183787005762
0.506517416704427
0.5045152830646271
0.4629523323522783
0.3977730670619475
0.3593296711726585
0.2601414834752504
0.05131451365829649
-0.10746335576085128
-0.34534789811703187
-0.8066430622638785
-1.0
-0.8434199987516444
-0.6998681603098209
-0.42358929863857775
-0.12413419155396922
-0.059667537180269695
-0.06244836834684845
-0.06474777261441393
-0.07891794253847866
-0.0866672289031481
-0.0789220878413502
0.0583899262469619
0.27718868418080955
0.43139571394741943
0.6039372753734227
0.73125620306457
0.7028627842808209
0.629981689196626
0.3527974838488041
-0.029366168896791965
-0.12498164393182454
-0.05423719041853741
0.182792704838712
0.5066613111259453
0.6427701867911592
0.7627409695529886
0.8431002863117811
0.7511322156262671
0.5697742620527063
0.3437940289532729
0.1658904467921788
0.09248389883364518
0.14293047183552582
0.26804814840756047
0.36119724923419105
0.4398674265435654
0.4676501040375726
0.36589883269224077
0.2573667034979209
0.21312817419420316
0.1663073594373061
0.13739520602869978
0.14077624846278353
0.17396716443654134
0.1499077312757384
-0.0003933461694780873
-0.16031968385156767
-0.33671413753161983
-0.429050616053948
-0.33971004797592486
-0.2919442471057924
-0.31263331079622686
-0.32742441850215437
-0.4372384468741319
-0.7137735073217008
-0.9070013212557313
-0.8341140320408089
-0.7951824910030251
-0.7089640030475123
-0.34043800127789675
0.10028859884474697
0.6351242471153219
0.9907435863349852
0.8909075402106291
0.9044488629243634
0.9863109710919918
0.6946017197765729
0.3786930955930665
0.19442466293208233
-0.06813886859914016
-0.2775051089666713
-0.3989834955004405
-0.5532873919421982
-0.6340674331188734
-0.6691271659803093
-0.744787043403227
-0.7757238675580497
-0.7823935169368975
-0.7640031428066368
-0.6696126905350348
-0.5706114226441219
-0.5045848479174141
-0.4751074562563341
-0.45554925024812254
-0.37604410411666694
-0.27606854710946127
-0.2255018556186245
-0.19436324574356012
-0.1400625893086445
-0.07401385865279562
-0.03841544130084369
-0.056008568865154255
-0.01872769696025417
0.17537404211341834
0.3775373660936143
0.5074074656428245
0.651430058019946
0.7281353141210456
0.7242963824847135
0.6612591905414671
0.4685254776508616
0.2512325128968949
0.04115850256413189
-0.10929596080735253
-0.07415970660785101
0.045155470298904925
0.1674976807745141
0.22475327109661367
0.13621527177225037
-0.0777945178131288
-0.3316926986922284
-0.4212677860890306
-0.33996071968175506
-0.25491659126503685
-0.17897545265992648
-0.17150652218142037
-0.23884296496837895
-0.2811334401582648
-0.27784521439077625
-0.25917643790788947
-0.27931012630785496
-0.3142340171177185
-0.2982894193288326
-0.23223244571440005
-0.1555752179500191
-0.0889360436943511
-0.06293379760725494
-0.08291415744813249
-0.0633984050589848
0.03058203864089336
0.11293515555129907
0.1200007528251192
0.03352534185645721
-0.12125191958493606
-0.2971895799474071
-0.4349109784296544
-0.34578239256399373
-0.0433427817650509
0.1881036478188798
0.3392477752350077
0.5742449950232542
0.7890450603951569
0.8429849801859287
0.7331196834703904
0.44772072665729923
0.03384998101260696
-0.31951641944937986
-0.3946869128976572
-0.35212680243248273
-0.3776757810917965
-0.304920855685807
-0.16415342194752044
-0.060320303264640426
0.051579003040365244
0.10168013413628327
0.08162120412948402
0.17802717889268954
0.38100584106527613
0.5074994246605496
0.6075336829681893
0.7679025863354618
0.9041586917233548
0.9093569968185992
0.7045990467709281
0.41645256415570897
0.23936265253642508
0.08541239331205411
-0.12462672024113274
-0.2744741778601756
-0.330828569808568
-0.38537584794076124
-0.40549243101048665
-0.3526101828650332
-0.27233491569549845
-0.12964029729921606
-0.026281382205977716
-0.06232572455844186
-0.078218625179332
0.04124963728599874
0.19397749434070866
0.29418032829845797
0.48439865234774226
0.7421283319063009
0.7984944450559164
0.6996723304845096
0.587914965067485
0.42536386944487725
0.14156804895840927
-0.05898594456443587
0.05882990011725966
0.23402031007818422
0.35656880416588643
0.4210894904183945
0.39809158832282476
0.34589341044549615
0.07222032427703774
-0.2010922158359146
-0.21947801583886872
-0.22249412867877763
-0.2392663576271905
-0.29753378302722416
-0.42835310928686016
-0.49405006096454046
-0.545588563919379
-0.6579167423065323
-0.7497857069004046
-0.6199114620483227
-0.29713759689645464
-0.06844247629911171
0.018010530975180118
0.012256702883272559
-0.08358178944624947
-0.24292875653778587
-0.41925945831850314
-0.5220027435234407
-0.5490496535813273
-0.5366475744498778
-0.3879348815801323
-0.11805141223798231
0.14413837497456833
0.3864240854485098
0.48733562325581614
0.4144054039502354
0.3239169205069086
0.1726042650878304
-0.035629835888888725
-0.24636325908476478
-0.5865937093361273
-0.8346452978685995
-0.7910700646714894
-0.7654582870560297
-0.6087844209035712
-0.16351094764958946
0.021725646702983333
-0.07487269870175785
-0.05928740814223248
-0.12074690734199844
-0.30719062342019887
-0.29260396967544183
-0.23575757315863977
-0.2954719951438015
-0.18858312118435588
-0.009036879377880568
-0.03231372700369409
-0.07796752464906676
-0.07493821354599213
-0.15463290007771252
-0.23390247865288138
-0.25220889848820327
-0.2658890173773955
-0.30475790240051154
-0.3370015928445402
-0.3146229132330932
-0.19724284947166446
0.012487491429467196
0.2249302326467854
0.30524237871772913
0.2495468040429568
0.24572874186246077
0.3152891634635863
0.32779511340262185
0.30156416095019867
0.30237421030789113
0.33878650308443886
0.31926107832192424
0.18880139282176484
0.028616969726424305
-0.12456153892701456
-0.16878305819481113
-0.03822164600924069
0.1505676444340256
0.283119802588289
0.36492192298217857
0.44324789721173585
0.43982478233586386
0.371525295162241
0.3111985595310757
0.24698472098538135
0.210541171672239
0.19824448805747774
0.2964881661132449
0.48812418374459976
0.501279564466845
0.4121120032247597
0.3853988138716128
0.28626175157628714
0.19551097052022598
0.2239139187358637
0.21196806115608208
0.13139838218834826
0.07719849949565481
0.039953210489426856
-0.00929670410303984
-0.06313929980593312
-0.11040866492182769
-0.18382336054462609
-0.2825273101606138
-0.3307557649489389
-0.36389669905244093
-0.3736898579685824
-0.18287985149333344
0.10501233823193779
0.31171653180138187
0.4975554624847708
0.5492669246283879
0.4787148226977726
0.4356404564407286
0.31630828855691523
0.1621869760301435
0.02033193393626049
-0.18769874225793218
-0.4011801248450872
-0.570621428547605
-0.6306906789291397
-0.6223271730320888
-0.6556916199605386
-0.6481009509896553
-0.6093633338908051
-0.5310037684138403
-0.3561365967825779
-0.21596599136347588
-0.09876660563065542
0.08427967739061283
0.1851184579854495
0.16197875794337707
0.17368590325434866
0.19178343794267186
0.1176218730956026
-0.017597201396442948
-0.08785059375507741
-0.07832354422442574
-0.07680602984332184
0.03192219600040214
0.25272615605111776
0.34496638731137086
0.32621460947673414
0.3483721586212056
0.31962810439111455
0.19341035020185718
0.08628381221110931
-0.038167256776736366
-0.2403795382132601
-0.33351768019321876
-0.2624304053677384
-0.19665960059292126
-0.15736489290586209
-0.12934102549075382
-0.14145564930928295
-0.15587715799941015
-0.1483745409791777
-0.13134830502377354
-0.09509134198701043
-0.04297075274411903
-0.02403762505592585
-0.036837567498157246
-0.08283773140438573
-0.2537339411204992
-0.40132773574504194
-0.36811332972167865
-0.3472008961477748
-0.357352409350088
-0.2898711191984223
-0.21473283522992853
-0.16041140463349565
-0.07739018401809448
0.04486478927329029
0.16535336801093597
0.23909525667763026
0.26533712032956586
0.27891108134751885
0.26758173036377175
0.20664868462869282
0.1201552249160338
0.049706231438453444
0.017827780295136035
0.020865043709121716
0.05291960351845684
0.09672354308089391
0.11818434781282862
0.10707903377278308
0.058034001965921796
-0.049589448250658356
-0.12955253123152183
-0.09073396160877775
-0.017309417318122453
0.016450172268304968
0.004542248974514011
-0.07150561688539095
-0.21823442497740334
-0.37039739160390345
-0.4088399774914819
-0.391957969487712
-0.41486043432291714
-0.39433894569224415
-0.35169993153103185
-0.3682471229453949
-0.38051974474463746
-0.30950051006284185
-0.19211487158375823
-0.09320375211851183
0.005636044313764169
0.06044799765194798
0.03194302257379473
-0.0031254540178705438
-0.02357558102137404
-0.003018384179999533
0.1261645323121594
0.2679738188388292
0.30099820799033333
0.2696606712245939
0.1661837150585512
-0.0760975642295621
-0.24828377314043856
-0.19384636935792116
-0.11188405921398387
-0.0949374893091686
-0.07619848091326265
-0.08631735581135726
-0.14950249218467468
-0.18170863666706213
-0.1730249418585537
-0.13704518999543064
-0.008240371342901835
0.1480290990732151
0.2515396464866652
0.36595153045058487
0.4803962909545203
0.5126748591192614
0.5327042955343653
0.638124588745455
0.7602637937335408
0.828213407815373
0.8527064301271083
0.8357016353934535
0.7790000862413586
0.6943015426720812
0.6097454641095389
0.5208916117652271
0.42124624957296236
0.376686483120279
0.367597882750823
0.3247280181021088
0.2939595313615986
0.3112392025580807
0.3702393459760306
0.4619464055221152
0.5308617798786999
0.5703164867271691
0.5773139485629855
0.44591280283938955
0.23901268415031535
0.12933759489527394
0.032801762563722116
-0.09409813694841862
-0.12532303582923449
-0.12977347110985957
-0.1780369465603754
-0.1779599487507153
-0.1412310405996681
-0.1281644741826249
-0.11860459575911693
-0.08345647741691407
-0.02722819797013571
0.02023561996816217
0.057138950075782804
0.12489068550444762
0.2166753146261056
0.2544627520713411
0.26040235167320147
0.31825310266390505
0.38578775763414697
0.4009282619602708
0.33637622387684923
0.18847977449552378
0.024802219023509584
-0.15167029499785825
-0.2845045243360249
-0.28163883357847797
-0.24538296642638205
-0.2127427086743083
-0.15366704450864105
-0.11108158575464286
-0.10541338437297053
-0.13609100798042273
-0.19892069654429445
-0.2543272435498849
-0.2607255900028636
-0.2520735329082254
-0.2169123592443351
-0.1313389661805227
-0.02878095695507969
0.044303524793914126
0.03278128381459346
-0.018003550666321703
-0.04087749391188421
-0.05225368681807981
-0.04959759591492313
0.004915562086392877
0.07400528216409585
0.10230378780623424
0.08768120810325711
-0.00820648468310589
-0.14820386885405246
-0.2159317807029957
-0.23478776287533454
-0.2803534085110215
-0.3158322934340785
-0.2927427182037402
-0.26427444573250597
-0.2459402952503882
-0.1876668663082647
-0.11506970064719135
-0.04698451133787983
-0.0004512181234547431
0.0019451190488102266
-0.004014372765646017
-0.014294705304701203
-0.028701143198296517
-0.041455701721158346
-0.04562383711151484
0.0063374867362219894
0.11169661528873463
0.19510206259788512
0.21558729174022198
0.21316395721094494
0.16717568127099752
0.04730521960337552
-0.013741497959986868
0.021725241702128063
0.05914237018888763
0.13253400458651557
0.24605669726090773
0.29638710648806604
0.29807657946760013
0.2979903381090081
0.23501203805483328
0.1210529450471016
0.004104166219974547
-0.09383078873678327
-0.11565290187877514
-0.10514446380507356
-0.10815552604608146
-0.0807296781291438
-0.03468027088363086
-0.001943941687500387
0.031216865569733764
0.05060661981045007
0.04207536255914799
0.045273006311819214
0.053284008993877814
0.039223284595053934
0.02772119836417772
0.02428639564009432
0.014717273667654393
0.00023504334223858745
0.021555817932580223
0.08914659649193023
0.15716996837658026
0.23084739043654803
0.2938819141388657
0.2849542182268491
0.2101249260873439
0.14055297387363305
0.12320921724769995
0.13682167717048296
0.1626226140089319
0.19137343413566385
0.19447078538242324
0.17808025782830916
0.14883243018142608
0.11269911152341786
0.10065276608437072
0.11568344370797817
0.13651930829665693
0.14791479353771106
0.13861807037580742
0.07338058025663713
-0.06344848222355952
-0.1990415297406422
-0.25318352113461223
-0.2580963244504734
-0.25460288236726336
-0.20410389748999527
-0.09403100210076326
-0.0035092618930883503
0.008693491064489953
0.007048815944264259
-0.00544924362516742
-0.10198607654706753
-0.21103560624578022
-0.2349154572626421
-0.2274411426551189
-0.2406237299054061
-0.24212799837618482
-0.25225992859596685
-0.2951429438606873
-0.3281132534862235
-0.34050494553691435
-0.3524731496344748
-0.36404068876827805
-0.3503307904044339
-0.31370608659108873
-0.26446412907424904
-0.18449437549106354
-0.09915845586991563
-0.0367342827506324
-0.014677559760258554
-0.03176800979244421
-0.03804274045496367
-0.029687067750925424
-0.03868630587284593
-0.05027637734834981
-0.03683357943091185
-0.015448166799364007
-0.007022833948219926
0.000597949456846206
-0.009027059298319342
-0.050587036827918944
-0.09151866267764647
-0.12646094529105506
-0.1681682192493571
-0.21432669084283537
-0.25817684814993225
-0.28273138294450867
-0.2997558559550135
-0.31275366752098027
-0.2964436160191656
-0.2809071637980694
-0.276222066257187
-0.24838864453837287
-0.20216160868245597
-0.15130970129519272
-0.11201589890416297
-0.09096867151619455
-0.07981037383484828
-0.09197612305545985
-0.12079617450486263
-0.14104445432328883
-0.159657674218265
-0.2121330632692336
-0.2943944069858359
-0.33004043814421935
-0.3259019964636278
-0.3458481456440252
-0.35059885332346086
-0.32330398744783234
-0.3078047476582612
-0.293544953427284
-0.27319842516608606
-0.2609320451447306
-0.2497336762022927
-0.25069977000716137
-0.2648739899397788
-0.2704105898670692
-0.27304199954163433
-0.26583765373951584
-0.24154451126164436
-0.2175463047007258
-0.17962683697667337
-0.12864409048957934
-0.10363452532232112
-0.1014717731080385
-0.1118090625850204
-0.1360776191286192
-0.14862092444065808
-0.14445894506330162
-0.12130785735012228
-0.09063957258592094
-0.06914589131397048
-0.06374665814735456
-0.0951424673890929
-0.14934721009204957
-0.18206632389300165
-0.18014714395779224
-0.17066230981040717
-0.14386826322768528
-0.1002080751452881
-0.06578567068856339
-0.027485678455050386
0.01947454236094534
0.0659064562377517
0.09844289082939887
0.11698930940683575
0.13104822321360077
0.11631152856375737
0.08893070721249346
0.0844541136413341
0.07106321300996159
0.02905491382772979
-0.0018310393608419444
-0.004504900272112928
0.005202717222208722
0.033891124334786096
0.07477283025556507
0.1054995304372437
0.1112035148356578
0.08464365404159883
0.04366597244755358
0.022415677630754527
0.028738951219314635
0.04144044510070465
0.05103701660169977
0.06874870459285264
0.08726758311213138
0.07779780546713036
0.05996118662391764
0.0645862963910612
0.08251158659799758
0.09821613799760907
0.10562064951654809
0.11798675504261799
0.1261735852724536
0.1105713323241665
0.094623018056844
0.10493629336546657
0.131863513758832
0.15446432442760277
0.16491577649861036
0.15390761501666936
0.14113674687113015
0.14433768304251887
0.14564921875335018
0.1488770755698243
0.15498000963425565
0.15405365356036252
0.14145922284624118
0.12386064921160628
0.09993291279950409
0.0504502894803172
0.0035975525560080447
-0.002967866279199966
0.005891871442246163
-0.0038949856605873653
-0.01836954279215213
-0.03290466613397142
-0.05348860589652657
-0.06798153767865897
-0.08362548189145881
-0.1155874346817003
-0.15519494597050354
-0.1758054394950163
-0.18391636779985907
-0.1829040086031711
-0.16141209027612002
-0.14969751200827533
-0.14738147888206424
-0.13136650623868082
-0.10980807247704717
-0.08750600949798476
-0.06725844438695021
-0.036760807924294384
0.008999219063056728
0.044312401459718376
0.07534874147175404
0.10476176182042643
0.11542510080947758
0.12924225292922825
0.15304277142561729
0.17558931197978236
0.20041786558831615
0.21611326873331457
0.22448558935486224
0.2303417111333782
0.21763955019175596
0.20445029233914674
0.20771950689001747
0.20503878240542872
0.193133234322536
0.18592231321241434
0.18073506225816088
0.15984740520716745
0.12383653974892805
0.09711320155081973
0.07722198954526027
0.03179125207682056
-0.0441547370091211
-0.09776082174197062
-0.11090586303061663
-0.12551586388350078
-0.12906648255804257
-0.11051282161237035
-0.10901179314843376
-0.11316009779103003
-0.10349053560648401
-0.09754507540401217
-0.09677390612842529
-0.09902699735701206
-0.0973016460664173
-0.06856969421482484
-0.00977478617146021
0.03458028808425542
0.037040882692216975
0.014580845556020908
-0.04592891710871319
-0.10170271888985931
-0.08872148853537874
-0.05421703567009297
-0.018294436574721944
0.03537524758655226
0.06279552555055101
0.04810466746809189
0.030035297015715463
0.02123857838029199
0.026490162529225574
0.05805363259561236
0.11602273913037264
0.17595381274952224
0.2022442765040898
0.21640420228887422
0.23941239617088367
0.23790493534042226
0.20646519541767738
0.18122034857708907
0.16637687664293363
0.16353053063212059
0.18124893687275492
0.19407593337211812
0.20130262569201543
0.19791572265732021
0.14725821568058486
0.061217928101389346
-0.015806016025645606
-0.04844682172005292
-0.055178793583452325
-0.06024497310556085
-0.030265632913895387
0.014294433715892377
0.03205214409835136
0.034883614665986266
0.032487815430151404
0.03714971833381695
0.06232972691983508
0.08415374594820468
0.09575015926063044
0.10290971673287239
0.05371102283680705
-0.015761889991285333
-0.0138182432397019
0.013367181875401724
0.04849127651981335
0.13576848435815225
0.20180463616390812
0.20108659347110033
0.19606534522034666
0.19584431004769004
0.172306803871427
0.1411700522355809
0.1330565986312877
0.12857857564534503
0.11486700963092032
0.12452256355059009
0.14262562530940873
0.14870082872704418
0.1570186409981889
0.15670026267879003
0.14378097363158548
0.1329624478442281
0.1221619326831402
0.12086407170706907
0.13348332659126025
0.13429947478536144
0.11519563208959953
0.09717728698027074
0.0860657788094976
0.08261760152775852
0.09050077641046311
0.09303655823602591
0.08715646993631003
0.08048553408415726
0.0772231330770869
0.08103228523876706
0.08364558899274382
0.08023386178797871
0.06936273353659611
0.054759260344555666
0.04378424222672329
0.037793660164258815
0.03484887035732034
0.0296920325849394
0.022086249935080744
0.011496211336116878
-0.008394800551372929
-0.028825926344162103
-0.03730590095775555
-0.04659739722626826
-0.04730838813947848
-0.0254691124906552
-0.0023258736940509183
0.02845469303079293
0.07035927387634895
0.09244906876009226
0.09967638049306234
0.10518220035535251
0.09573167216276651
0.08672354784560986
0.0833260194943588
0.07423927736412102
0.09211634864570095
0.1316108885194646
0.1445714876539063
0.15460302530874168
0.16883527948156077
0.15147093928274824
0.12009414125762771
0.08256985907399653
0.0453491560020412
0.02787166809369909
0.009642107891274898
-0.009058644600314185
-0.011487863553782446
-0.016197256381264947
-0.038357392766494136
-0.06673203856942263
-0.07805738719177648
-0.07749105305463556
-0.08869366259426395
-0.10111389529346124
-0.10345556259145276
-0.10843688252259309
-0.1112259566477555
-0.09843355198614802
-0.08483343267766076
-0.0792341290885432
-0.06800945891409264
-0.05190929314962494
-0.042976856345243696
-0.04346087048501473
-0.04006685849413058
-0.017807778017601816
0.0024734297997723417
0.002252502309696054
0.008464060462339447
0.023424768232304678
0.02647386720069603
0.026916957195221372
0.030758199718786464
0.02501545912088132
0.01333961799366388
0.00843738758248319
0.004222920094284199
-0.003964988867241196
-0.0010295121740874736
0.01741295459559235
0.032709446192301074
0.045271443484989474
0.060984552314436946
0.06867137325307646
0.07474000136270877
0.07489447345362335
0.05707176758096801
0.046218092484089424
0.04434448705688737
0.03383050761854256
0.034325309075211516
0.04881832662223092
0.05687784364203451
0.06643171852345264
0.07446745961069412
0.07035041150469253
0.07273558065925563
0.07738880225047062
0.06433657762841981
0.04835271858015277
0.04105212075124323
0.030374906909362235
0.016869400565381193
0.005898051278825935
-0.006161659188444992
-0.01816374518108541
-0.031089881125101904
-0.05980504688242253
-0.10539132373814836
-0.13864360925326893
-0.15746843018333198
-0.17162249536750493
-0.16956809279379595
-0.16900909631920927
-0.1784505715515011
-0.1833872460942432
-0.1887622268567026
-0.1919201376431142
-0.17880073052624856
-0.16046253003557812
-0.1424885920788503
-0.11197211116463475
-0.0957840363909945
-0.09494277814386679
-0.08341092673248646
-0.08734200797518155
-0.10321599267377275
-0.10494382161665859
-0.09726086009793397
-0.08205117209629871
-0.06609108898059379
-0.05925086277093961
-0.06293327348850107
-0.06790187162807008
-0.05528333145127054
-0.018510935737799588
0.013010299886456819
0.03099413415820096
0.04786528813904966
0.024275665499787734
-0.020181459442023174
-0.032379465789577754
-0.060406449328913585
-0.10204782726570581
-0.10559720711410209
-0.10924793247063386
-0.12905123546702077
-0.13701779287875085
-0.14448105334528322
-0.14617147926800622
-0.12955229299572463
-0.1225542117468354
-0.10935223210265485
-0.062172491293672784
-0.023024760799347805
-0.01575546238947646
-0.020252534709764475
-0.028614473015269485
-0.03897829719534525
-0.055055673323451314
-0.076580563484837
-0.0807283440086794
-0.07841383559157045
-0.08997765824693713
-0.09634493875195889
-0.09888276940537775
-0.1032163738510483
-0.09495202169279875
-0.07832897600060226
-0.055841517924146676
-0.034879445539534995
-0.024262286177416104
-0.014174596345176987
-0.0267117885266593
-0.06272596069776407
-0.082819911366754
-0.09291467680217042
-0.09792591914944103
-0.07705665390199264
-0.04959106825407943
-0.0451549080624235
-0.050194853058542634
-0.05481734223191683
-0.07022648124298098
-0.08931712567557716
-0.10041343440248794
-0.0959262631619322
-0.061915244279839396
-0.013142568401070916
0.0073547392961847485
0.005039673407310313
0.001232933621312765
-0.027389855252694325
-0.06545971647081301
-0.07168167313953328
-0.0695342156634319
-0.07473542723540222
-0.06919310964897861
-0.06925228742100696
-0.07886386301251071
-0.07648207680626809
-0.06626571581995282
-0.06191510133836106
-0.059976243126301655
-0.05627424942620909
-0.058337133194298924
-0.0643906095072283
-0.06502603202556174
-0.056902953695061036
-0.04406135810604447
-0.03267936654054464
-0.02605769785125605
-0.034253047393200085
-0.04865156156418001
-0.058190475237533
-0.07904125338711744
-0.11381181563789301
-0.1434581164791989
-0.15433291356185866
-0.14702588813114023
-0.12187714561114867
-0.09530727891360666
-0.09204826085485673
-0.1062702708883956
-0.1236935982705987
-0.13534675934992121
-0.13949434928512583
-0.13644979109102942
-0.12203871712882028
-0.09346628796704341
-0.05582193494161555
-0.03290895437832131
-0.00942707149599216
0.02159441213172915
0.015909195949419683
-0.012305093338402991
-0.028975133423958233
-0.04459576864635849
-0.06372264397899523
-0.07131884002037392
-0.05342961871313599
-0.012999321980921125
0.02776832616958291
0.05374594820467885
0.07433161755912178
0.08973075066670287
0.0882089480412491
0.08344413680261831
0.08932169980288371
0.09712082509633065
0.0945330602198154
0.08070513984203061
0.06241387180341163
0.03158936153282818
-0.01078706913269305
-0.03468392542076015
-0.03858377395044028
-0.0423161808324054
-0.037280595551375306
-0.025976192620312647
-0.017067155335933913
-0.006865712675240296
-0.006310751915058456
-0.011187543507812467
-0.008070747455284332
-0.007673589322462157
-0.018795475044562006
-0.028954411674316415
-0.030248370348029144
-0.03192879036726907
-0.03002494328796847
-0.022058624112035623
-0.01912736133366305
-0.007707623688452377
0.018741390753878123
0.03438314796205952
0.04038511293091495
0.05271143307884986
0.06133957129944762
0.06699228735430095
0.08428701505316707
0.10734695375033175
0.12145027470969777
0.13078487736335867
0.13748802269529498
0.13693202799175322
0.14892234037129523
0.17348068693862714
0.18317283387674918
0.18542544863374152
0.17915479656807037
0.15102153127488074
0.12317414893834981
0.1106308912734704
0.10361789646367547
0.10703467426734155
0.12460275371993285
0.13358276621301807
0.13466335614202854
0.12986762189691917
0.11509919423888665
0.10804164933501241
0.10323986390065376
0.09131687695740485
0.08487864983197228
0.08653543686012842
0.08559931311854946
0.08165570067292083
0.07950052435698968
0.08229950909131625
0.0920382549513737
0.10184785213752305
0.1119786864726379
0.11629456617499563
0.10427314020033725
0.09418533125019952
0.09175018022538059
0.08209495983582694
0.07046890999022756
0.07006166971846722
0.0813335582279259
0.09124974210974951
0.09857625522868016
0.11159650860674465
0.1265160254073713
0.13439338733662384
0.12025175806106554
0.08510988149674975
0.043400992299742557
0.013964210312655894
0.008092007617827851
-0.005598212469166332
-0.026822115524349842
-0.017246465891066206
0.0006914350895599831
0.01267153811224813
0.039498165822597235
0.05466587191204716
0.0596661077654864
0.07595776746375599
0.07103762648534064
0.05212403889723508
0.04595498963436046
0.023039245535818514
-0.009116383428127357
-0.014661926727245264
-0.011252772469090096
-0.016808922025900043
-0.022736466896421267
-0.02392926588592031
-0.021539084250183797
-0.01156929731398668
0.0021715340622395786
0.010805208406293046
0.022448006228436682
0.024043342715059025
0.002687872511448421
-0.03306879153938919
-0.07808392665958629
-0.10354866514100462
-0.11584968464727521
-0.13780644866185335
-0.15186779247374999
-0.15073121713239382
-0.1379458642503839
-0.12537492358586802
-0.11442736929073867
-0.10516256972566196
-0.1089264094387117
-0.11296979503621422
-0.1068372720857687
-0.09772384754624276
-0.08873840327698103
-0.08897697260431273
-0.10629404682095771
-0.12154433020243849
-0.12731930886842285
-0.13793481010939312
-0.1280070003206654
-0.08991771812035768
-0.062364556993388
-0.044104245314259216
-0.02415740525004991
-0.010582867701467677
-0.010777692171714644
-0.02248096853333943
-0.029316268026707185
-0.0370900355018985
-0.04661669432584272
-0.04240959308849364
-0.036850236877853174
-0.038330324415214494
-0.03840255750893026
-0.043108395858318306
-0.052031603407915426
-0.05660506365422265
-0.052016403964053076
-0.03204445861153318
0.024436703369273585
0.1056154559761688
0.1290178824554106
0.1173129289137734
0.1264129169543364
0.09450456721846842
0.028563824084781447
0.0049851078803160535
0.01359603594692297
0.012262301424507125
0.01943980281699536
0.030659636804762427
0.030413615461693824
0.038613153188952906
0.05299788780142188
0.06756314797158895
0.08071781398644247
0.08989613395712995
0.10020926632427417
0.1104584085562863
0.11688410447878533
0.12276995808479384
0.11801439039509501
0.09931721620518011
0.07956656331997784
0.05814435278719206
0.03803770891492647
0.02045874685111835
0.013965963728123401
0.025407075889060257
0.031437257505737906
0.02459852741689025
0.00987708938750053
-0.005391833562754405
-0.011114590941989107
-0.017576436764357637
-0.02923904151068178
-0.03751164139223094
-0.04355026132084597
-0.051028249524362225
-0.057157961292400604
-0.0698263880451371
-0.09837022891124811
-0.12334191458674904
-0.12997144505734573
-0.13334071864304703
-0.1375884629074011
-0.12922023994156553
-0.10706311962152908
-0.0724227294103521
-0.016808702848966604
0.04387598683223102
0.07465123470466623
0.06949843264669012
0.0448555647832221
0.01547596415218312
-0.00047556763252223574
-0.0005938165422361097
0.0055778576026522305
0.02033817094943159
0.02380754645240692
0.0009117946254957092
-0.024234145765049
-0.04190746826341828
-0.0458903705567237
-0.031950164882995256
-0.022509918947417072
-0.009600473803353502
0.012607152505692644
0.019804308351451166
0.02139389859064467
0.034801394727651216
0.056582097723371076
0.07141213315856355
0.06979060502839532
0.06393343501237159
0.05141152327492268
0.014902416235102519
-0.0162915310509391
-0.018092936737436994
-0.01937345414747082
-0.011125640318263966
0.01808349783515131
0.03322758522766527
0.0250939625807798
0.012742737262603982
0.004157051708126842
2.04449244101639e-05
-7.585789901756321e-05
-0.004101783862002391
-0.012920990050796636
-0.007494269237897979
0.014921641863937816
0.032297903382043025
0.04599497989528107
0.061011472959522306
0.06694282960279899
0.07945035189809606
0.10576082745962975
0.11987496432418936
0.13218556090950803
0.1559336198833502
0.15942248783925372
0.1461106814925568
0.1444296420602441
0.14253866924342506
0.1304978508748733
0.11586712350763141
0.09920996244927364
0.0906408590592259
0.09010301792343196
0.08480041319616669
0.08208004627492126
0.06976182614409168
0.036781467732628914
0.016405903292466367
0.013465806730733037
0.01969229940903228
0.04229911361989288
0.075334971442675
0.10111303764459126
0.1094068833945361
0.11515498906259455
0.11198211706811781
0.08845809503797716
0.06782187204736509
0.07316478627151925
0.0835299969839348
0.07850198283654022
0.06983915748386786
0.0587198828261055
0.04655666366966034
0.03507295018346539
0.027147788623859505
0.028933737571834046
0.031835721170728824
0.030160022984989713
0.02469992057218521
0.011047479917913473
-0.006118328861647419
-0.018835460540766673
-0.02548605105583723
-0.024642267509259033
-0.020921486534198036
-0.02318155807164322
-0.031657692324185555
-0.0381476261470458
-0.04386131150712253
-0.04918406621811631
-0.049557429359512586
-0.051279588290424685
-0.05821901588603943
-0.07228155087692215
-0.09016753217731796
-0.10409875159677542
-0.10920304884643844
-0.0990177538080801
-0.08212149930363676
-0.06280529321823686
-0.044605078901313676
-0.038402891039046365
-0.03884718650670562
-0.04076816273982602
-0.044428360351655094
-0.0588791196329644
-0.07464322998187978
-0.07609432422271997
-0.07381035763481406
-0.06840731269544269
-0.06143510385413108
-0.054637045380584066
-0.050023895050460725
-0.06162092777595924
-0.07861200012769438
-0.09317740323933978
-0.1113229662643817
-0.12134249683503742
-0.12616214995418726
-0.13514692716321677
-0.14215220313318191
-0.13640142922419465
-0.11898553479886466
-0.10815781310973474
-0.10005865365327447
-0.07855663412842148
-0.055063296868962205
-0.04332323213553139
-0.03227816316388574
-0.02084192054264397
-0.01849201028606878
-0.015026827733124448
-0.00627834708192119
-0.00010826235097755296
0.0023931719714631633
0.0003781299061684489
-0.007875027218439832
-0.024139661447873294
-0.043926621468571216
-0.053103521553907275
-0.07103295706371521
-0.1220417188998652
-0.1528921587546176
-0.13631137609284716
-0.12913052034033412
-0.1216609228015958
-0.09187920873315256
-0.08989179806562062
-0.10408560098076912
-0.09398997789648274
-0.06687016768464824
-0.035541955468011845
-0.012483317538299976
0.006325898947045424
0.021987667962192932
0.022060429939378515
0.014859014437565782
0.008076250702200012
0.007107488656402515
0.023415534212804602
0.03911325300975194
0.0450930382258866
0.056515010522875164
0.06204007983758036
0.057648584093186406
0.05861277201167737
0.06027966023763544
0.05755471918908347
0.05524954961522536
0.05377968239356458
0.0530511573256793
0.05133819429653972
0.04706737451286735
0.0425581902846489
0.0474677011817925
0.06228298505642138
0.07197565611329731
0.08136934124466769
0.09912562697705932
0.09986315735807937
0.07901466627214819
0.060958155788105456
0.03432170694995761
0.010521050276806172
0.01277157332349896
0.011013721905448023
-0.0005614784151220649
-0.003517662563769767
-0.005182138414045239
-0.008722127007315268
0.0019221778944815535
0.023839431931506255
0.04575573874300123
0.06607974895664633
0.07558859727239071
0.061231078717395644
0.021755869296218103
-0.00667716810060793
-0.0164057889392837
-0.023993418021394528
-0.025545338416332303
-0.031548018092579386
-0.04317347234868572
-0.05331902965606851
-0.057811585025641314
-0.056312843625358
-0.052915410568425844
-0.04610274824050952
-0.03840124244732964
-0.03360379290448031
-0.03264061987048549
-0.03402084372636999
-0.037268755232253696
-0.040591091601187554
-0.0386787966805177
-0.03578248785831259
-0.035400009815314847
-0.036410215360395966
-0.04281368388301479
-0.05077910252763416
-0.056972804430804644
-0.05904836234330636
-0.05120640225352005
-0.045487613882666963
-0.031114290764884613
0.009104304873208527
0.03990263779439392
0.04669846161616306
0.052816780948378585
0.05592227985940276
0.048664426297229654
0.042724116752693615
0.036169682970095214
0.023552572208078958
0.01444466520961653
0.008544131513783608
0.006233882752728872
0.010347667028308607
0.013038973947009687
0.012510881420037822
0.011930715312510573
0.011292186199381445
0.01310879132974169
0.025768965594462637
0.04563227065873627
0.060432131147853424
0.06792869697883655
0.06664465367900395
0.0633042542719252
0.06690852364799993
0.07380969057458187
0.0783843896470346
0.08044060281280241
0.08180445510470226
0.08179006566255043
0.08136533888327446
0.07916637482781506
0.0725775350313828
0.05580702138070986
0.027283440086794064
0.008809168838185957
0.006752927084122489
0.010597919439135756
0.02384097093475627
0.03472433974139981
0.03473805735860348
0.04009574696690095
0.0496878396349084
0.051446019818359494
0.05105183486828657
0.05240449007771728
0.05018208361981188
0.04560578360280184
0.04060185032978981
0.03516903544519838
0.037744040412414755
0.04593500165097407
0.04555022701489116
0.03130159651337146
0.007506104792303649
-0.023200731288603133
-0.0462001866815707
-0.04245783107271386
-0.03151834344167821
-0.027772366648703688
-0.02484361964034971
-0.027726277551374356
-0.030937333979428817
-0.021911808919643543
-0.010411785810771212
-0.0035129231008199603
0.0024945451149511544
-0.00015612149263303444
-0.006374479990813627
-0.009452195843166516
-0.021075348741471753
-0.041845040955115896
-0.06175028981384731
-0.07703916739447703
-0.08532686666085372
-0.07932665987218172
-0.0644796620482275
-0.05361672910826912
-0.037298996884352245
-0.01760435323507536
-0.013858562266022667
-0.02323379841725666
-0.03200214316923175
-0.04365355559780271
-0.05619262984208302
-0.05043690062851368
-0.034030573276328274
-0.026963560881872684
-0.02234902401940955
-0.013288859474709125
-0.006666757196269608
-0.0037757071910522444
-0.004029537427081979
-0.008269478992605637
-0.013559342869435824
-0.01697884609062204
-0.016389283963252604
-0.008259773266227073
0.0015935787829104886
0.004692601968494745
0.005411073485737537
0.0010730187953749855
-0.00873883686613197
-0.015371735990901298
-0.023235351714654504
-0.03316199891269182
-0.04011001729115416
-0.042246330096661795
-0.035138141027015464
-0.024885425258045102
-0.01944796001069202
-0.02427796209287289
-0.041474641467036985
-0.05374847350412934
-0.05437913130651847
-0.043254496343318745
-0.029656521157006444
-0.027749739012684148
-0.03460582219700099
-0.0555467249486721
-0.07373121570297904
-0.07522995710326234
-0.07744364413098966
-0.07614230491227919
-0.06261408516739161
-0.05107842198325583
-0.047181589518768455
-0.0416301379718796
-0.041143045825608536
-0.04916848559697841
-0.0525972228376647
-0.05302628550844998
-0.05374637702911384
-0.05366528156374165
-0.0576863682906248
-0.06532072970671743
-0.0729764370502406
-0.075985402816233
-0.06829143480367703
-0.05717297014762519
-0.04927802641653814
-0.03708293131042553
-0.027608922597665956
-0.031418870466908805
-0.03912533632938672
-0.04570266933681348
-0.04977965571115529
-0.04050185323626654
-0.023438423908201073
-0.011932540198717244
-0.007820414044286128
-0.011585687936835112
-0.01783409354376225
-0.02286123574813902
-0.03523891476923766
-0.0511472244814917
-0.05605578720016238
-0.052333019338552604
-0.040395547658833
-0.019954697080801484
-0.007347506457381283
-0.004495640999618346
-0.004903788473294483
-0.011771569035254609
-0.02164179723179533
-0.022955134005253574
-0.007991176699014323
0.007263637927329505
0.016722704490887717
0.03708016301046189
0.05820029055237828
0.06499387019293765
0.06507820566515196
0.06282216031267972
0.054645574222124384
0.03664390085388474
0.01696921183498264
0.0065493403012539305
-0.002349587685305759
-0.012119445711064766
-0.018455164737671417
-0.022294753904803837
-0.011069187963755759
0.016270552006636296
0.03691379818855029
0.05786456866694206
0.0844731248579519
0.09088052427122478
0.08429096976740086
0.08742033990530604
0.09543192388270984
0.10248908760930854
0.10872338489232455
0.11424192654618605
0.11863994995142371
0.11702056594343042
0.11179043254567814
0.10400750728644186
0.08364563663990325
0.05838420858782872
0.04761716079153368
0.04477499820131973
0.044510165759702985
0.051915725516149765
0.06344285985874523
0.07220850778149585
0.0717652462571965
0.07422169556228651
0.08513594449296513
0.09187201401207665
0.10218481284910479
0.118210410809044
0.12155076256896331
0.11450732122428424
0.10463878450190374
0.09002168422226256
0.07459343870026172
0.06481100039499495
0.06380412062164297
0.06710740289151551
0.06905483759227467
0.0665113369268821
0.05189657135805363
0.02805131694366343
0.008934547573544583
-0.007929411686228207
-0.02568794636454556
-0.03639103737872011
-0.04061255188180074
-0.04178513418154806
-0.02897867360790485
-0.003738319417980418
0.014835848388644539
0.02355776098374231
0.02497655997991196
0.02657809059726191
0.032273970213854745
0.0346543174758822
0.03369900145847955
0.023692254620702406
0.006287280924316776
-0.005098146001378909
-0.017343518390135895
-0.03484749811912838
-0.04919926566197866
-0.060229678367379615
-0.06843289922006365
-0.06625385167725148
-0.05464052362322342
-0.04872265112606915
-0.0496937002355199
-0.04924619811403014
-0.0489310121543139
-0.04485852843653946
-0.026384266717363245
-0.0048520198345595325
0.008578670939663925
0.02016625046872893
0.02169196969068893
0.012943593863236453
0.004753777585918549
-0.00088847753507903
0.0015151715702740806
0.006456676105568952
0.00614948057449133
0.007847854043409421
0.009371400554898818
0.0005974415381265423
-0.01973211337546295
-0.04078644971962029
-0.05152096880016352
-0.05962379708790091
-0.06872164100628894
-0.07178673512610535
-0.06855592418574578
-0.06328529070246683
-0.05655474825385072
-0.043366157461473695
-0.03013132033614118
-0.02533439967676167
-0.02234459759829728
-0.016731662156863027
-0.0025428869699789546
0.02064496147965395
0.03533410426437312
0.036353186475258495
0.025394740039480435
0.007831858891984365
-0.010351960037374432
-0.021391792586197285
-0.010805041641234995
0.0020026296467296656
0.005247591316972252
0.01538238989575278
0.02619903838502812
0.028549987349679166
0.026781686909562355
0.021557857231004385
0.007261298451800849
-0.008228369023438114
-0.008930021093397486
-0.0010020998103166582
0.005393363036572531
0.013761933826672021
0.022404728313514498
0.022675564297221076
0.018349550044049798
0.01828651285210655
0.01819519230631787
0.01422045673614099
0.017778298720054354
0.03450102703452179
0.05482753872403766
0.06414303486676186
0.04785132752133283
0.021483055955394636
-0.007666647131331295
-0.04300160427985845
-0.05319652880914025
-0.045379712125392074
-0.04508105973000261
-0.0415962131943561
-0.03079271532108706
-0.023256149699751424
-0.03139415588530566
-0.04334088064338912
-0.044420441393755644
-0.04268385966768012
-0.038213817580944186
-0.03317959977339011
-0.030202028720754767
-0.028032782198640055
-0.02978373907271957
-0.03193233055121569
-0.03519177266968464
-0.04062557861519248
-0.044713071188191504
-0.04827686430231932
-0.05442077492387175
-0.0651080804341228
-0.07357121654156905
-0.06549283124662598
-0.03955512323699554
-0.0014886540201576072
0.03241765975258736
0.02953490178252788
0.005562534276175324
-0.0018649183970923797
-0.011594331131558095
-0.031302949692699644
-0.03512492370498594
-0.03600190302754816
-0.046420754912064786
-0.04950601807447346
-0.0459969715465458
-0.04437365664789845
-0.04370702047541383
-0.046178592988911076
-0.050484118963521805
-0.04464617457633337
-0.029786393019500552
-0.016173380389668
0.002448720459356735
0.01766549407007277
0.01548684676339993
0.0135418134794767
0.017482195447695092
0.01899936200453506
0.025500335674238275
0.03427889597719797
0.04163445956924109
0.05456247757605559
0.06274230367345306
0.06260693809347516
0.06792555226631332
0.07577875708572819
0.07432132577268206
0.06230685628330238
0.04077641999255751
0.014022616200701271
-0.00472338632173935
-0.01774445494270191
-0.026223257436173056
-0.02123378031133607
-0.011436623798517315
-0.004052522416797339
0.00021131100682736148
-0.002671026381755712
-0.00934404155594658
-0.013331522741274495
-0.0013430257185072527
0.02669895714662127
0.04667209367812723
0.06032197091522093
0.06480280508357072
0.05135958787112968
0.04055833417907041
0.033523917206389864
0.025546667772080766
0.02061634459569241
0.014780125035675811
0.006529557200653148
-0.002451547365326495
-0.009389711358272811
-0.006537042569401661
0.008493473053863684
0.023923471991332025
0.0405699457918267
0.060231393665119565
0.07459215222695675
0.08248857301998655
0.07950281142064294
0.06804833899619823
0.05794804649028641
0.04652091400593016
0.03487427582273541
0.028402433626315716
0.022733932067538893
0.016263900463178035
0.0072112832285334055
-0.0025007411515651375
-0.007181489459733624
-0.005715877129411115
0.0006956447160967828
0.005709058820894804
0.012035419945386826
0.0188348506571258
0.01456271104713686
0.008438721702947596
0.005856388602608872
-0.004902673529763512
-0.011705663484312887
-0.008235282626273311
-0.010229301954820011
-0.013223020629790624
-0.014268794779396033
-0.022588384289588
-0.03140352808156812
-0.03401691760043187
-0.029074782693217567
-0.01592346150895695
-0.0043834843510051884
0.0006540406458858346
0.002640919094646794
0.0022902607776683482
-0.0008976343661808086
-0.004758022947824931
-0.00835899847576737
-0.009652161441917398
-0.00625117390689078
-0.004171927627776579
-0.007168029137190943
-0.013926921645675711
-0.026176668043669575
-0.039342721729630006
-0.04417817941156711
-0.04671830189335517
-0.05318009053913237
-0.056291211814970835
-0.05451559277116356
-0.05135992140124578
-0.04683372237239018
-0.037833860072680976
-0.025856221837550823
-0.0219592130785735
-0.02544270167017588
-0.03057850798637863
-0.04062513073189372
-0.04551188058097134
-0.0408702896613764
-0.037911301000923874
-0.03254084195389566
-0.02448007181379871
-0.024814950344512785
-0.024023826438551128
-0.014854192545030138
-0.010088881011225195
-0.008881501990936557
-0.005883552248207395
-0.01117526007010803
-0.021023699220635413
-0.02262854131556666
-0.01766699495559523
-0.007832340128294741
0.009032757898588739
0.026150014222677095
0.032743413852268075
0.03369586151067225
0.0354106827790301
0.03598131945466873
0.03669937167690842
0.039344036791230635
0.04535381112951879
0.05351671772059801
0.06131055417934676
0.062011586836233375
0.054265016359652196
0.04337731166149933
0.022339604175987644
-0.0021927480070384384
-0.010199203244199793
-0.010535177659581058
-0.014613612507569942
-0.01360426937607474
-0.006027051198302236
0.0016388569255860958
0.009064190729673363
0.018384799412605818
0.026701515799083364
0.03256779595199263
0.03699606577404478
0.0390630662567105
0.03805073088360227
0.0353613917925862
0.033265707719935714
0.030498970583120233
0.026170726442887017
0.021018519974403946
0.014682314946770976
0.006412626306663788
-0.002232587702935208
-0.009521112694585044
-0.01864540078646401
-0.030269411333639227
-0.04060275086110329
-0.04882032780292754
-0.05247896258792688
-0.05196961445347994
-0.05337501506841417
-0.05440338371067501
-0.051267390617607246
-0.045264691882496384
-0.03753566032530622
-0.029595056321324822
-0.020260734785904636
-0.009797061218499867
-0.005487504294200245
-0.009751910770211567
-0.012992684731610697
-0.011807590287793608
-0.012189601388628816
-0.009818421440078218
0.00035425744046130075
0.010172725717697251
0.017484739806009356
0.023136345682047647
0.01882500675398485
0.008185796286475687
-0.0006069600111684942
-0.006073712061544883
-0.0023273579030675716
0.005658934009160643
0.009732475493874718
0.01397013761929062
0.016440128247094357
0.009874478323163047
-0.000293106027794494
-0.003082455315302695
0.00038389240127865916
0.0023620331233523014
0.0016509259510730377
-4.502448349287985e-05
-0.0037388130425522487
-0.009253383305674157
-0.015496724019552486
-0.02007514433515774
-0.021387142223435636
-0.019447312009323595
-0.014675796815359158
-0.010391145061300452
-0.00675838744859467
-0.0032214416029266793
-0.009644642720157274
-0.023036553471309975
-0.027631483527662273
-0.0294558074978523
-0.025529924560252455
-0.006716886772719715
0.014162346260484163
0.03366725892085854
0.03999009892026772
0.024761266289968224
0.013077572910874557
0.007958481218204454
-0.0017412768771670525
-0.008037370620094427
-0.01116923746915442
-0.012133453975941042
-0.00880239817682909
-0.006067031929790957
-0.0017706956628220172
0.004782945747514843
0.007409647882726999
0.007011727395353734
0.009895495485193407
0.018297910052645347
0.027035608151666623
0.033089684818805
0.037904778104796116
0.03913777223800138
0.03797460501696001
0.04010504769242424
0.04423485094300876
0.04535670807681294
0.04084720937734215
0.030877965618762687
0.02322677522595474
0.019736301560778
0.014740973364761401
0.01087213360644685
0.007817493273412265
5.0880590977248e-05
-0.009473660888495642
-0.016139970201466486
-0.022855427559402904
-0.03146423056269866
-0.04014752513506778
-0.0479276582707607
-0.055173266512956926
-0.06184172471281866
-0.0595137321495873
-0.04794714595897293
-0.0408020636937698
-0.031495496628725236
-0.01590977724476489
-0.009106763466635791
-0.007993802057499638
-0.011045964738243182
-0.022316242773712677
-0.0353137255742793
-0.048429430506856185
-0.05554172199693057
-0.0537044475288039
-0.05175186693482488
-0.052141573051910146
-0.04960593416782568
-0.04565127711063813
-0.043889313742727254
-0.0389009801497169
-0.029738412329941333
-0.02207503855846378
-0.0217579228887901
-0.02870031413772221
-0.0326869329094642
-0.030339891011887492
-0.022957159009529906
-0.013405085190738726
-0.0033486733363160453
0.010986472494962504
0.015054768027421893
0.004786342989983138
0.0017598378281281192
0.001171367773653122
-0.006918415198300331
-0.009902842677179535
-0.006389717552403537
-0.002299285626138469
0.001767245532006741
0.004202126873903222
0.005213085244103545
0.003015392891329694
-0.0019360865767945946
-0.006257849273928761
-0.011037178602041871
-0.014724463624014358
-0.01688793054568862
-0.01902480558767768
-0.01915841298747213
-0.021181244553334085
-0.03168017225401082
-0.04413952803582685
-0.053700016342975686
-0.05265949767505685
-0.02960204139489918
-0.007585685078005547
0.0071854346445355145
0.03158643123252242
0.04231691459866083
0.03565729018215986
0.03626185163532198
0.03484734088350222
0.02307957409157117
0.009006199371915144
-0.008871091086598237
-0.010238955269323185
0.013396894644030455
0.026345658224066485
0.035406728064796326
0.05846968759186968
0.06606383480539232
0.05780500971763816
0.0566424666743855
0.060487497147126326
0.06874665576499658
0.07790220039347023
0.08177448504141252
0.08081005888712435
0.07048506237727878
0.05885915547315773
0.04829520845870493
0.032751880752501114
0.022377245431947707
0.01604299870256785
0.008754822488125136
0.0073169598634622995
0.01132365238347768
0.012480287178959396
0.013110101626626375
0.014818709705392848
0.007243745238262003
-0.0062620041062322
-0.012272578916799006
-0.013352830550977456
-0.014356046257768273
-0.013191821269787268
-0.0069807329181359856
0.002855434230005227
0.01130476981419037
0.020098196030896322
0.030711048089801553
0.04096566498043369
0.050943389933394034
0.056432819172835776
0.052051662862040986
0.043234679889706355
0.03746960230345427
0.03012829474151654
0.015933310176813844
0.001030458446674014
-0.012391101225913765
-0.024800427490314525
-0.03120122777200453
-0.033161117440242124
-0.029781533009237356
-0.021745477450743556
-0.015894668330505474
-0.00589819898502021
0.009799519811927131
0.020375759793516267
0.02442629722965121
0.02206747218954421
0.014238329185648102
0.009234195794566413
0.004723763210770546
-0.0020197859594303495
-0.0008500786892838203
0.004818523881471019
0.005392109916279176
0.006932704581417322
0.007582607071505522
0.002872086912230597
-0.0002715975282559567
-0.007775368419748604
-0.02044717335608962
-0.025240287007429623
-0.027735887983434036
-0.03370369946840064
-0.03502365443230553
-0.033088374521920316
-0.02933870507408895
-0.02104606479727801
-0.014603077720617069
-0.010527635114241212
-0.005564678398350264
-0.003168291673039474
-0.003087354872708231
-0.0022633387031682026
0.0004669971950117236
0.0022872890243338805
0.002035721075434506
-0.0021638542930805366
-0.013571288012308214
-0.02324043090185114
-0.02937097173046383
-0.0373928522590233
-0.04008658441814003
-0.03884347955770095
-0.04039123559090339
-0.040689792691973974
-0.039734071673716065
-0.039750333649234
-0.03500987963851053
-0.02517414798540663
-0.01855330359197641
-0.013533637226916263
-0.0042100877613029785
0.0025972504730171755
0.0015048840720787169
-0.00017374546220365252
-5.0734981257989826e-05
-0.0016343714219961207
0.0005162831785038887
0.007808025782830918
0.010940064161664907
0.011765903787996823
0.011996554157429073
0.00405592680633955
-0.007751201780479054
-0.021278959347920033
-0.034902664000331624
-0.03929270174164662
-0.03518451124258551
-0.027748652657448847
-0.02216181356524159
-0.017092813331294036
-0.0073159783319777716
0.0004496455289573229
-0.0007723104250555447
-0.0033754810576335273
-0.0022121675598126703
-0.0013924553581851388
0.0035453736752302906
0.011266928440160646
0.016178473871012466
0.024072612365104933
0.030711634149862704
0.03132572027019751
0.03210591391778292
0.0326297610828484
0.03200759400427204
0.03183409640259181
0.03163615104340132
0.029489246274349484
0.023297850493696044
0.017066616923032206
0.012923877468658888
0.008410476466829716
0.005199501038946311
0.0005900528931116978
-0.008865201897691065
-0.016954322097656665
-0.02011114176411702
-0.020393122418417342
-0.01709398068670039
-0.011788869718848407
-0.007448099140397596
-0.002649780513360025
0.0009435285866280153
0.002418695601833653
0.003239375993741069
0.0031923368120524444
0.00706549245006935
0.016351380647915602
0.02208599264041975
0.019877823153755955
0.01639889439531228
0.013112622161360917
0.005010451404423848
-0.000630376207676815
0.00013192259623654145
-0.0004124256644753738
-0.001093983545529958
-0.0005268279713602454
-0.0006445088316392386
-0.0004599439859993587
5.1342053716454615e-05
0.0017306072487529548
0.0049779322181039195
0.007897893090256585
0.008275234769466365
0.007471627307730609
0.008009258796022987
0.010163029520750575
0.014708854414580792
0.01887905292694118
0.020112352001966875
0.02130861493995743
0.020794554501441565
0.017142252023932214
0.014433310891521235
0.011215374213643192
0.007298730060259362
0.006542907934729109
0.008534525846439876
0.010629895447838034
0.011246745103420542
0.011921709999375823
0.013303110740098564
0.015151153466259379
0.017843584857923315
0.01986481547922798
0.021654252199273763
0.024474525684439533
0.025986203288511648
0.02480504450006456
0.022867072525170805
0.02122748612157363
0.01884623356351676
0.015392748388215713
0.012278491929285897
0.009701333310462697
0.005932652646013528
0.0019080204939962197
-0.00026832550252267883
-0.002425018379891755
-0.005020581190521456
-0.006379230412610106
-0.007246551655953203
-0.007727068494221115
-0.007557187311942617
-0.007745260179696497
-0.00833741907725558
-0.008846190681073262
-0.009599887743292353
-0.009898297138168661
-0.008821032980887294
-0.0076602576472499725
-0.007111872195071282
-0.0071607581806599225
-0.00824297287780743
-0.00937041902341429
-0.00990797427625156
-0.009881582514636016
-0.009251377360261602
-0.008439884293638008
-0.007336023491955492
-0.006466848774110058
-0.006299135537586223
-0.006053933725660044
-0.0054835066975229664
-0.004911373901077826
-0.004458033573141487
-0.00413791279712173
-0.004135215491425656
-0.004505008431164864
-0.0047521842649067714
-0.004737190656773211
-0.004956943644369225
-0.005294218827203288
-0.005026880144999836
-0.004183634534851753
-0.003426015158467305
-0.0027055052957435364
-0.002566165942668079
-0.0033297078609713063
-0.0035127091650740605
-0.0031699111999889456
-0.0032484032245691623
-0.0033924925229695045
-0.003401251500289933
-0.003395066422522622
-0.0034505663103135613
-0.0036529357082583486
-0.003850067253965554
-0.003941636041454934
-0.0039889515766683295
-0.003945510708460849
-0.003856973709726834
-0.0038862009538008376
-0.003980720529874531
-0.003974530687391275
-0.003877586347373522
-0.0036996132480068
-0.0034167468330124295
-0.0030560449712949684
-0.00285663350900841
-0.0029711701332357523
-0.0030720005755776863
-0.0030443261524299337
-0.0030334316294232644
-0.003041366787356921
-0.003041411575686798
-0.002977745917710497
-0.0028604185993545716
-0.002763436618080858
-0.002647056048783068
-0.0024412670142050477
-0.0021526310046737097
-0.0018386162121365893
-0.0015631084244466138
-0.0013349800191636875
-0.0011376221494491274
-0.0009727515424576691
-0.0008354443407324607
-0.0007126037695573722
-0.0005989290824443565
-0.0004905694359672206
-0.0003844423447929516
-0.000278099269044927
-0.00016890594021901493
-5.2251352107267095e-05
