0.0020507882986421123
0.0020603826980355395
0.0019743091732466952
0.002010830616330599
0.0018728984129159675
0.0017549156633734214
0.0015444429622089287
0.0014394489042932994
0.0014203220504861343
0.001704802662561064
0.001960855406516368
0.0023142010329203428
0.0021631781969279683
0.0019198168574726497
0.0016613143602851716
0.0015217532965581763
0.0011475329436327513
0.0010849965601026045
0.0014481421749467677
0.0014851994177171911
0.001967834215724124
0.0016776083287220094
0.001110305961862866
0.0004919658092977464
-0.0010037147477583357
-0.002310315570651054
-0.0027793322282413995
-0.0018048218557496526
0.00020489826268719764
0.0010670222731222442
0.0009244905330267952
0.0011187341372686118
0.00023337444301342331
-0.001657228186526577
-0.0040908927954330454
-0.00399201982824657
-0.0017408097672112542
0.002180126733575374
0.007245918886707267
0.01031414396549811
0.012532140055160299
0.012989369607402964
0.010817522527608805
0.008863075499955736
0.006816625544792684
0.004085868911253574
0.0014209644248030626
-0.0015532762187613785
-0.0037510831226025285
-0.0015197217938778364
0.0039047408151325247
0.0077672639317063925
0.007837983637258003
0.006019325370395616
0.0036047271335838617
-0.00033899585236901747
-0.0009472762865594272
0.00039821330192836677
-0.0014991470371399174
-0.006592431055115668
-0.008207139134521329
-0.01142290301001387
-0.01643342512083539
-0.01671246774410285
-0.007931520556587838
0.006364278427563272
0.02125364932751896
0.030942614804898922
0.027187675973127587
0.018082729715275025
0.013655563476166916
0.013090766710572814
0.018433296841074302
0.02294235483108653
0.02007742146949588
0.006364022355796844
-0.010174170260410354
-0.02108535896262157
-0.019866225670438567
-0.012081678113887554
0.005548438657276719
0.022891964785010682
0.03683928911551105
0.04302208094648027
0.04274408455928708
0.03546642740621494
0.020033564911632072
0.0016998063365812179
-0.017805230838942324
-0.033966797978642646
-0.042420726887754966
-0.0439097476278609
-0.037163354032874255
-0.017936122532047384
0.006795966650188652
0.02202095252356287
0.021603526278938245
0.012683007784825577
0.0021514652304536154
-0.0018719958209087722
-0.008044260419621146
-0.01585088136243837
-0.020457102735748814
-0.021548078205780734
-0.016128409504115808
-0.00855563817595935
-0.0006574993787211191
0.007185259143408237
0.004573466136216035
-0.009783643745154454
-0.030107211151657168
-0.0490133554839476
-0.06492409423148351
-0.06600822892718368
-0.05038397351681404
-0.018493963900709516
0.013159350045958787
0.033722139696659825
0.047406566119071424
0.04458197259641895
0.021709800939563893
-0.0016313495738112234
-0.021330995194874275
-0.03502998356507016
-0.047993750873387635
-0.05391344725519113
-0.04530146109672368
-0.027213039271897735
-0.007994519088686921
0.005723913664306498
0.013126048522429327
0.00839802722311143
-0.0061893009313939845
-0.02547799453372136
-0.04344542854585624
-0.047997848021650504
-0.03830094675828996
-0.01777262680612904
0.004324778991774731
0.024393494021212013
0.04059820315660886
0.05056802814740857
0.04900284434763035
0.03601288455577524
0.0272722772071984
0.02482545050949746
0.019960160110701047
0.016458088490110632
0.02222620745763902
0.032637468469639525
0.04184017561157864
0.03839188881705331
0.023171204949355102
-0.00041277037215519514
-0.02323383034830882
-0.035154312504618444
-0.03290122238906179
-0.023323923712074857
-0.014724831376741807
-0.002621143284834967
0.007277679102080694
0.014398795926166464
0.012774832681488426
0.008002047598619945
0.005704744863505214
0.0015010185559357072
-0.004241823933345251
-0.005332877444296466
0.001327271179756771
0.019497228693792553
0.04352042099173913
0.06759441061180911
0.08103956845322655
0.08494707728221523
0.07781911236746153
0.0685911150901141
0.05430413960740053
0.03943473498889014
0.018828710668900916
-0.0034370415858109905
-0.029170988385804064
-0.05592414715298191
-0.07599236954911616
-0.08522746367256176
-0.08213560438911886
-0.06242034643827342
-0.03961591186058576
-0.02116019288788715
-0.004693295529011347
0.006716708780310666
0.01275160087532646
0.021825940460143897
0.02883685131229464
0.03574493593694099
0.038637766488400074
0.03391121821143383
0.028447646615109262
0.024260380600685832
0.026304691746904522
0.033640172343615146
0.03341195143025837
0.020093261337333582
-0.0014511006574215817
-0.028540125104471188
-0.04899101627080004
-0.04535018789570709
-0.014382163455242193
0.03705073123121989
0.08930200445662426
0.13640867395552594
0.15879822349602346
0.15736514833993553
0.13425945142599052
0.07407597722473322
0.001807714978954559
-0.06610819446724026
-0.12525611444505713
-0.14732813499518221
-0.1393457927286837
-0.09604732498897063
-0.03517616396202041
0.020843232132958318
0.05874144872723797
0.06937345091823678
0.04417320889383582
-0.009645828359240887
-0.0697725814448447
-0.1096496133438266
-0.12627357293033653
-0.11653435885604695
-0.08499814530877745
-0.016635768153110433
0.04655165223600648
0.07376078946193958
0.088267425744675
0.08485776920519958
0.05888241013771053
0.022963638053044903
-0.007096238842282473
-0.018653479539743927
-0.020700497730350577
-0.025561912909748363
-0.03682487593322917
-0.05353826553569117
-0.08116762872422852
-0.11503887535231208
-0.14721551219352783
-0.15676159938035514
-0.14037364041134393
-0.09179777744339412
-0.03606695228017276
0.01109269724781382
0.040695364101128347
0.06583722176278341
0.08873257401144716
0.10202086960508612
0.10718142294446925
0.09364161610062208
0.05252556266893116
0.005412979131614304
-0.02853863744944717
-0.04084912909992238
-0.025896488963428808
0.0003575588605342926
0.014385099744830583
0.007690496054909591
-0.005548845933324277
-0.00920933086496409
0.008153729880380343
0.03889098488371782
0.06603439702293404
0.06673522886597034
0.041402975749028216
-0.0005217876833382394
-0.05218957212358853
-0.09958418822689326
-0.147823060750222
-0.172908265582028
-0.18133624588547545
-0.16921061366257498
-0.1422973246841233
-0.06425362518360957
0.03205560025295014
0.11814751343340293
0.16866476620769666
0.18709510481017402
0.1813502200875863
0.15706254467537784
0.11529114262392594
0.06036972373270693
0.0057066422333555186
-0.03645366942305568
-0.05330175277465953
-0.053078799623355016
-0.03132623469879742
0.003315419690650674
0.031006315705271643
0.04896284837649281
0.0533671364323545
0.04870941049108956
0.04341350493230804
0.0323419860389673
0.016284166985130525
-0.005692102234579785
-0.023997272957626468
-0.03703131855254581
-0.04745631720512056
-0.060606529147185915
-0.08056400660128626
-0.10145287803935847
-0.11627201942828687
-0.11806474128337804
-0.11172042913726009
-0.08710188461503758
-0.04387972626172047
0.005871635369412789
0.04378176052022077
0.06303608929149332
0.06344036564121712
0.046899958613924986
0.02543963254433151
0.000602857321933181
-0.02912272495477895
-0.050023692735341546
-0.053292046435322496
-0.033739869618011654
0.00420889554296116
0.04303990841898121
0.0647548917633419
0.06853265756400637
0.05977607621476179
0.05099074166431528
0.05186428781686138
0.06202172805519835
0.08055566597803686
0.09613599898351703
0.1002919218137295
0.09107346016120817
0.05875605701181809
0.010311624707072193
-0.030973001987848543
-0.053591821116555825
-0.05629486590740982
-0.028358801906051903
0.027859510737089168
0.07015812797393824
0.09542177824526457
0.1043910454873692
0.08822596650630071
0.05957434043838999
0.03595391488613464
0.017803616367424453
0.009511680896534081
0.01004836585973169
0.011115614451519883
0.011835763860859872
0.009765643119363832
-0.0006072332226046499
-0.023240556500040366
-0.055499311898581934
-0.09316985874349731
-0.1236215473904702
-0.14690420208891153
-0.16539302260528393
-0.17792168740075698
-0.19054853742781522
-0.20711964867929158
-0.2233765476794655
-0.2304998301390616
-0.22860506978199516
-0.22178085475780124
-0.21045231297432726
-0.20267024321696378
-0.20242075615309973
-0.213237154403715
-0.2365803152023955
-0.2676462102719897
-0.28961302190779326
-0.2986372348346374
-0.2749891291438204
-0.2064461067702205
-0.09875707642132635
-0.015435964621124752
0.03138569212418359
0.0561096406630259
0.05894835471451291
0.04345547631421518
0.019149019867023154
-0.006908587013064295
-0.008085358718743697
0.01673754082820438
0.055761651326342004
0.08396598098776879
0.1055644150967232
0.12390295806788244
0.13969341624855838
0.1486996066006034
0.1676479661926738
0.20116632153883038
0.2635900334917483
0.34263207145231467
0.4066044078974484
0.4065919701259361
0.3131226049668656
0.035764324227827785
-0.1504797931330332
-0.2322477516289213
-0.2948442022791363
-0.3244448790890089
-0.33289817391565196
-0.2893818256843884
-0.22609502993966707
-0.17609921244518542
-0.1642224819792543
-0.1833047792990609
-0.22509995944310976
-0.2674359875456448
-0.30320287249113687
-0.30392523875034055
-0.2885455684585919
-0.10939919954404594
0.192405472326812
0.37295535839926375
0.482328975154454
0.5629928009690732
0.5773903750670969
0.5402372882926672
0.4306219885655421
0.26424289455720684
0.06252904280617587
-0.03729534073762814
-0.046677176177131435
-0.02145926520084684
0.02009515870718389
0.03739247729436035
-0.03171902440071281
-0.186585473219405
-0.3158772055400273
-0.3894178464461995
-0.46246561017146326
-0.5378921586679196
-0.5745557825516601
-0.5879402879661147
-0.5692943613240911
-0.5417637198984591
-0.5069330821066074
-0.4631411518790912
-0.39615131451392827
-0.3117278674123802
-0.23787269721367094
-0.21100554992875112
-0.22187521110678365
-0.23312083441350911
-0.2342147486119081
-0.2124919367878309
-0.14100030899326482
0.017157035157190265
0.18425926851758592
0.3171617102960117
0.4379875880795423
0.5367954398739835
0.6162247558965402
0.6719567028979764
0.7242809443829196
0.7687815837087631
0.8054398422793022
0.8549933872514794
0.9378660149599566
1.0
0.9974051394335156
0.9206453106065171
0.8176944615091212
0.7541247674319637
0.7096029107311874
0.6061704028350315
0.4632647979605957
0.3347301844960496
0.21007203420728598
0.13161130354430153
0.100935076539851
0.08903795788375464
0.10090315292630281
0.12959772588761181
0.1588745572702067
0.188044253103285
0.22327211917433687
0.23759901746482615
0.2466756397465329
0.2519477916005046
0.25612005424819406
0.25709629737297196
0.2589690355581255
0.25689485425004754
0.2536015274558929
0.21658764617125154
0.12927456331837794
-0.1378964996940552
-0.4949199019708503
-0.5968696324004436
-0.5122523023900276
-0.5142859999712225
-0.5733437095238944
-0.613857189507496
-0.5753781387387076
-0.5086197414748223
-0.43415090138481177
-0.3666184357526913
-0.33015576723612966
-0.31581867485055776
-0.3237915302678048
-0.3957064812739595
-0.47990507297679535
-0.5174493398591801
-0.38851769321773205
-0.2548016504678919
-0.1528178990750444
-0.057732964947677226
0.01631241292035705
0.1131372864148075
0.12532442463722557
0.13446938149888804
0.19679985894103838
0.2418438337796705
0.3111325615249001
0.39561917299550076
0.5012187796692675
0.60025490115264
0.6719581661652132
0.7415533508453905
0.7934215407082166
0.8130115185958098
0.785136033858053
0.7215885326673193
0.6211547470949879
0.5112836194793062
0.42415556676851823
0.34528521883039587
0.2653301021141041
0.18861424446756953
0.10021627089759008
0.011579089716084697
-0.07661794068060951
-0.1572817177196541
-0.21198035417407957
-0.267652794974555
-0.33748868711517593
-0.3566594389394434
-0.34289009424172645
-0.3045593212195943
-0.2411849245429668
-0.18416105889821346
-0.14801589498423695
-0.1622133185120621
-0.19282718594444023
-0.2336839971973555
-0.29024271457533674
-0.34619805370824847
-0.41010088495963704
-0.4681838146547677
-0.5280858294030383
-0.5809526991549389
-0.6273429042391584
-0.6580732233557938
-0.6816220707523852
-0.6697215621938571
-0.6232467314877794
-0.5572641097372387
-0.47882566951182726
-0.39690514101872176
-0.3216234559787026
-0.2600164910217581
-0.21562669418909758
-0.1779148100447443
-0.1264978674099414
-0.03129455496312201
0.08261658032983507
0.1948256187852297
0.2847947267750834
0.3616757629048586
0.40968629257589423
0.42001232558769086
0.399168327678212
0.34161753950150875
0.22922686080646026
0.07281807954467026
-0.08867987200313725
-0.2236712497009448
-0.313632797476742
-0.3871924608569917
-0.4360365650972232
-0.44387845809678195
-0.3722186033455655
-0.26472430947809406
-0.15542870925440924
-0.02374376190886138
0.07598207790288442
0.14872906704763644
0.2109962581817978
0.2502755210267844
0.25374858581318516
0.21627111708015756
0.09336322950883241
-0.0730084993877446
-0.20455895540278504
-0.2820367119117026
-0.3532053966271203
-0.41362540797719644
-0.455256824129667
-0.47981776469833654
-0.472407291655743
-0.4473515228831828
-0.4124123594379396
-0.3782843337975956
-0.34860244565608395
-0.3117542062226415
-0.263061062385667
-0.20788710795717408
-0.14658530738245149
-0.08285238584503561
-0.03149034011939773
-0.013238539630032391
-0.02635705232619251
-0.05995254624351255
-0.10212866362485926
-0.1352070876762902
-0.16107548190877358
-0.19156350835879218
-0.23415265730549584
-0.26989500813698525
-0.30472296327223625
-0.3463353569506291
-0.3831470147031531
-0.40606373065347323
-0.42355001801038095
-0.4339062918784035
-0.416930440909245
-0.37260271099520953
-0.28150139998092877
-0.15645482540417274
-0.029104946257852565
0.0880551300564114
0.1940814010686241
0.28830290997516594
0.390018517646881
0.47064868831505513
0.5169374402041941
0.5526692067360044
0.5768848162368035
0.6111118562935003
0.6582573511497501
0.7159839752727347
0.7537594383785243
0.7638293996238916
0.7702794816034386
0.75389454672005
0.7263648808059091
0.6689531030166962
0.617089790711326
0.58647043602681
0.570025751064588
0.5482052661524583
0.5104417530624354
0.44878040333985875
0.39217439804234355
0.341409511676019
0.29859309293966246
0.2680373903799447
0.252474323927858
0.24408687612686822
0.24259778222340045
0.22467588021011545
0.20622566556100572
0.13870790576461445
0.05422480613538198
-0.0407512609095718
-0.14748609469338822
-0.25755771430829044
-0.3220643871727068
-0.3559546318870807
-0.40516528457011525
-0.4466684209614983
-0.4618183582970789
-0.46501876762170063
-0.4597710035550078
-0.4342677188858781
-0.39581598243884214
-0.34282278394883636
-0.2932904563515919
-0.25951507811530206
-0.2314643915137329
-0.20318665461259636
-0.1619332003873756
-0.08498168355236413
0.07189629434888632
0.23481163970556138
0.34750523910640224
0.44878869518753356
0.5235260448154857
0.5514585969754755
0.5380314129332826
0.4749567909378885
0.3310056816228025
0.14038271266821173
0.011083178694438828
-0.057882559634846543
-0.0735699306386942
-0.03201543356730164
0.10219938820796833
0.2550504058981376
0.3729187767183452
0.4730440567815974
0.5241611027962306
0.5249785814258223
0.5024930415545946
0.47422686446462836
0.40613908891616535
0.3222577823258292
0.24986336742176948
0.19459925134370612
0.1552410696190847
0.1307580968063461
0.10701970752702228
0.07009435391020369
0.022382579510893175
-0.04468293803575397
-0.14581792126793083
-0.25394710240163615
-0.35698257712089004
-0.4354119938650083
-0.4852130748780672
-0.5246925126810397
-0.5543344048514138
-0.5573372730990757
-0.542810687606346
-0.5296756692557555
-0.5376265756644514
-0.5525062963169808
-0.5604306200375426
-0.5676201397273885
-0.5759624701219122
-0.5867586996724478
-0.6003992768533317
-0.5774784149791741
-0.5200778555721095
-0.4807408424468463
-0.3418953163986164
-0.1405698157722161
-0.0021559884333602493
0.06597974399164182
0.12184314116651178
0.14109805524467903
0.13685401933902758
0.12423836330633037
0.11058678723338358
0.10693203343175432
0.10345221322827726
0.11606977150838221
0.14640832521016786
0.19649332884272877
0.26129026515133963
0.3534963429293586
0.4461733488797348
0.5563510309815134
0.6871281014863626
0.7858991277220125
0.8149701017921854
0.7482282882236497
0.5593200002048575
0.3823805065489745
0.19284589137728322
0.03909386688609172
-0.032385859668282196
-0.08282451060417574
-0.117414806752393
-0.14336280272255503
-0.16661950881533155
-0.1916657175752784
-0.21044094826545523
-0.2164047621544464
-0.19944910427315493
-0.16703122344017543
-0.1269311896143145
-0.08666129485005535
-0.04933705458450161
-0.026291497953986588
-0.020705555757432242
-0.02590409795305985
-0.03725532037870332
-0.05025493773432091
-0.06359100900323944
-0.08060568532974605
-0.10369053068556752
-0.1267118702433145
-0.15613590630992538
-0.1917878272261843
-0.22466149141562083
-0.26660802216752316
-0.29785902054256486
-0.315084846331333
-0.318938360599286
-0.300740925365323
-0.24916904711793667
-0.1754556187388929
-0.11496432188660022
-0.07812734961088066
-0.053748293159737816
-0.040514821311902
-0.04341311472771158
-0.054638179129760836
-0.07096548567180917
-0.08614224957339664
-0.09880014525366104
-0.1008880568859771
-0.08935299931982461
-0.06813799000247049
-0.035067882186501705
-0.0032247532138835774
0.02019697284151621
0.03134437921253298
0.02540085596255792
0.012716797064100617
-0.0021662156958335665
-0.013585707098284978
-0.019810526403072085
-0.021980693164322714
-0.02915425836373068
-0.03708780066788395
-0.05385818452921694
-0.07451664015307727
-0.10885627862364108
-0.13966237059535225
-0.18195457384414693
-0.230441909144274
-0.25271356812106494
-0.2574591876476833
-0.24322562141911075
-0.21351488252524808
-0.15960550803053256
-0.11952678913075343
-0.10366026544155431
-0.10496581685796041
-0.12331484657764963
-0.1495823469489537
-0.17057530546313265
-0.1783048927022717
-0.163729873064006
-0.11674731301456708
-0.047899565238916184
0.03313129677425177
0.10222653181520984
0.1697344145577531
0.21781362023776632
0.25836031638764195
0.28385360206398724
0.3041725309133495
0.32067501493142275
0.33729675522929037
0.34464284451346733
0.34533911584028243
0.32875346946758777
0.2849325177732097
0.17050914139624473
0.010472542643875142
-0.13034379707605065
-0.22152490493030827
-0.28249739721340267
-0.3151060637062657
-0.3282142554908493
-0.3195273256620736
-0.29325606957152855
-0.2433603151682526
-0.15429465275814902
-0.029528562122888596
0.0867033881708989
0.1680310007796776
0.232989091586628
0.2876093213049515
0.32825059329389505
0.3478027701112059
0.33917315158253575
0.300865059202573
0.19212811002208802
0.050378144835654365
-0.08722609161564945
-0.17941963407100703
-0.22837994611762283
-0.2507993706975371
-0.24775723811235603
-0.20465521399917522
-0.11073013864700948
-0.009556771476434205
0.04543210647317722
0.06926302301743752
0.05941143001936635
0.020047087939678274
-0.03518060253930519
-0.08147625617224412
-0.11380977964902561
-0.11840751163358423
-0.1013790318194777
-0.04344708691539121
0.028892065262694274
0.0912454184493123
0.1477353134915922
0.18721697058320713
0.21270267165770865
0.23218168511318252
0.2492990340241337
0.27173482280931216
0.2980580248867614
0.32812133802131643
0.36003495257672824
0.3901572841564984
0.4096416629251737
0.4120911722794753
0.39227146143571395
0.34725014285146405
0.27106708519361344
0.18649236064757382
0.10158430382500495
0.04293991849113736
0.013306452301268189
-0.004603031450734353
0.005830729733809741
0.03250857901387007
0.08213197060881429
0.11784666568952933
0.13422501587035257
0.13708509362349597
0.12644589703524986
0.11209412320173603
0.09940976677227392
0.08929115189128511
0.08466352047952244
0.08477641154683688
0.0853665959989884
0.08715431835768739
0.08155376056021674
0.07221562803551741
0.05083453788679336
0.02418284450858975
-0.010347762530262197
-0.043624239802185785
-0.0788135243937623
-0.11937568240077281
-0.16094505602240558
-0.2035475938643254
-0.244516588938724
-0.2733395392122696
-0.280801226608149
-0.2747508604621047
-0.24240638686883495
-0.178464364443289
-0.11175057244233691
-0.04688361879644807
-0.012846544969982294
-0.0054893836303806474
-0.004439577184054387
-0.008570895175681085
-0.003018137441277257
0.010182820608558213
0.025989357657387198
0.03661162912126169
0.041382636334437534
0.03442087418999013
0.023794047087451926
0.01037617186366349
-0.002524699341261478
-0.009425133517038407
-0.013672291059461572
-0.02431676516487486
-0.04425802961799214
-0.0726451945206495
-0.11068316776871014
-0.14214487662584233
-0.16048100520606098
-0.1665235428723887
-0.15746101673172924
-0.130994633955165
-0.0918134831784018
-0.04789561441737698
-0.02123660958054713
-0.005117516211171899
0.006525045160085094
0.014319550250182117
0.024477436785026292
0.03738040533965725
0.04707623354037752
0.058259302172732355
0.06535151459133508
0.054565430360307615
0.032509261871913886
-0.001209288430214225
-0.03155208999678813
-0.05318713017444828
-0.06157894338936103
-0.06149780522108383
-0.041474578292479324
-0.011062412493570772
0.009798510540279724
0.019424275066926188
0.006723476391280586
-0.018652004078613546
-0.04694356397757982
-0.06076575701033043
-0.062206392380474845
-0.05548575228885481
-0.04130649766255253
-0.010346977243511812
0.03159371994967336
0.06207101577328918
0.07685372180802276
0.06424218731137571
0.019943076465712115
-0.03665481989253278
-0.09446699637329216
-0.15153388207480564
-0.19998605018567644
-0.22693226267695477
-0.23981208722145794
-0.24209880809567236
-0.23164551960985397
-0.20367541025745456
-0.1623070895541498
-0.12264696263522724
-0.08918989379850274
-0.07460672863928586
-0.07169833867954277
-0.07351820414187547
-0.0756185779334911
-0.07440728531491828
-0.07084742439359158
-0.06234011061812555
-0.05481138119501622
-0.04335414505807098
-0.027749229163013582
-0.0004382009812182334
0.04278686073817442
0.08830990927011499
0.1296116757019354
0.1689253009391981
0.20594357202554966
0.2402511405558416
0.26612294907854406
0.2858499863306453
0.2942945015538679
0.29159745615868454
0.28164138587991017
0.26731941392245123
0.2503628293052432
0.22836360630014588
0.17951294174513643
0.11411799250465747
0.052615236562756004
-0.00841999818067107
-0.04862507752267882
-0.06146319895093495
-0.06775956470726242
-0.07095941311277669
-0.0731787749185265
-0.07961876035413994
-0.08663551695890147
-0.09279348202242067
-0.08952227495132807
-0.07504968401963413
-0.049843832804159
-0.023573854633667395
0.0009202694948045478
0.014935451624019337
0.0156906438449005
0.006373877460636283
-0.01911456236237667
-0.051396749546935884
-0.08572699871939729
-0.12029488249110518
-0.14722382842898998
-0.15457420996372806
-0.1372285182004837
-0.08539730022317264
-0.016528408235950868
0.04503324421222936
0.10241117175269907
0.13203291961078067
0.13209881541200852
0.11830630231637644
0.0887661803823176
0.05387191485345501
0.030202884441152638
0.023268709761675232
0.02959723813186623
0.05166284469393693
0.08361094358056129
0.11209178197415724
0.13332030212566393
0.15666665772447802
0.17095438922859724
0.18547092695296793
0.19549530742391072
0.20176060313924477
0.21074184478490338
0.2227850462868009
0.22921634967014298
0.230021268589286
0.2166953182520883
0.17984207932225366
0.12158489888701457
0.05998037270879788
0.016459076195495432
-0.007744602799766756
-0.01932260482053881
-0.021206537000053413
-0.010405568902449584
0.005523736267541831
0.01877108476633939
0.019149505183990004
0.0047916807404522425
-0.024548380858220867
-0.0517563230825773
-0.07471759552025614
-0.09109436049490625
-0.10053492172617734
-0.10148265552762614
-0.09258355194952315
-0.0802849371514528
-0.07054843012155117
-0.0641189314344677
-0.06250458185553505
-0.06644859920208038
-0.07209003093103061
-0.07386809572596711
-0.07439096988522864
-0.08087512160360433
-0.08344605775076805
-0.08742682749274282
-0.09421277807869598
-0.10393553039657226
-0.11884895497112122
-0.13634087590689037
-0.15517827106684134
-0.1685540212656628
-0.1698684742244257
-0.14938273291007517
-0.09511688212870265
-0.026851612264423126
0.0350960988563835
0.07829284513535589
0.09079468336482203
0.0810277891519708
0.04992062994630054
0.006110040622737271
-0.029257565030644476
-0.042291447227389055
-0.03263559061001904
-0.004431263387370979
0.025758917455388036
0.052717738432689586
0.06407481392728001
0.060441496990668996
0.04120189844291295
0.015991974466962232
-0.01743602412732571
-0.04483433741918193
-0.06552669206736005
-0.08622797264568227
-0.1037959590899746
-0.12210482212401531
-0.1382362703464261
-0.1515706100824478
-0.1531547431929418
-0.14135988252890624
-0.12440739505996105
-0.10252469690248275
-0.07358563637370187
-0.05099732636688061
-0.03321736127555932
-0.02961135866070077
-0.034483282537637064
-0.048138175349653804
-0.06718881732157224
-0.08012629459520298
-0.08733586104619218
-0.09034658216135791
-0.0850087539962438
-0.07773973011986843
-0.070289578147372
-0.06363222436374093
-0.0583529268880964
-0.050475769148132156
-0.038818504379924665
-0.022420704938746417
0.0018139153299923693
0.026880633731285117
0.049379172293132434
0.06555010434314788
0.07651656064889074
0.07998984492537703
0.07209115276924545
0.05628384262755972
0.03874143897212306
0.020818239528554806
0.005983819190896137
0.0013095495502526212
0.007094078084329555
0.021310609443487765
0.038698467690937474
0.0546100112354536
0.06698210643659554
0.07371147735606146
0.07600848987650756
0.07067602702459484
0.057372342737182815
0.041904608145569726
0.0258913919158875
0.012756412585756606
0.008168123552432401
0.0060296438431933575
0.0009915730439836183
-0.00142439871300769
-0.0013527571490969325
-0.002138790653526852
-0.001216550869388035
0.0012045891474834365
0.010675675840458023
0.020249372441263843
0.02901300429981078
0.03996560834237917
0.044546805407162646
0.03818527548322572
0.029754514972028433
0.01647645249393171
-0.006179765306567901
-0.03687806569728464
-0.06781058395825006
-0.09122410352323047
-0.11120311539349817
-0.12419256304182043
-0.13046458978644349
-0.13179133418999503
-0.12964155074135217
-0.12913316292773436
-0.12727895946091286
-0.12117252579191413
-0.10935949622635574
-0.0866305906258711
-0.05386859811438507
-0.014279307962393057
0.021855037529146457
0.055069842964598936
0.08427004791956323
0.10859276858209162
0.12323473269643814
0.13127967841288182
0.13995158536469376
0.14461994438121234
0.14567976445299535
0.1457464406634161
0.13909908587256944
0.1225767989712256
0.1022117284283315
0.08098194011188631
0.06034753084628305
0.04382143945012369
0.030468857649217286
0.026087323398886895
0.02808324429758661
0.03397374849801715
0.043051687720236965
0.05388669385254608
0.06678137055950219
0.07708179639465586
0.08155500433736797
0.08255661076091604
0.07710094080766987
0.059138384352990785
0.03507832015945711
0.00692192957148463
-0.023534248867126312
-0.049889608680881666
-0.07263073256279307
-0.09052375943593977
-0.10306349628683746
-0.10973165386023312
-0.1041146830819237
-0.09452874625068257
-0.08370505605167089
-0.07825519039179714
-0.07411965575174989
-0.07361819406971933
-0.07513138310701874
-0.0718129856675413
-0.06556637099726297
-0.06288305592631767
-0.06629683400184323
-0.07507002343422481
-0.08605596558200357
-0.09422789850680895
-0.10234959258981963
-0.10691344993784772
-0.10410002602176903
-0.09104463379664439
-0.07145407060215643
-0.045461054776677376
-0.010931750045666133
0.01697605338779289
0.032052137187156514
0.035494253871500264
0.03541687142246403
0.036116654590647335
0.03641903876511952
0.04338733683655769
0.05367242275351288
0.06883501735069127
0.08570241582982006
0.09753924787576278
0.10453956711189825
0.10510380295838494
0.09829209886906515
0.0936725642026791
0.08574994762722683
0.0753030975172501
0.061569261437811273
0.04506609456169415
0.029507905667063294
0.016847432197683504
0.008950030155498973
-3.086674439867399e-05
-0.013110811032937417
-0.033570276945273564
-0.05055212731010267
-0.06550349928165773
-0.078711485891787
-0.091259465814785
-0.10005926232308794
-0.1016416882884724
-0.10128487057279353
-0.0979501089280519
-0.08776952467958717
-0.07065220015642328
-0.04976893790942522
-0.03103648339813575
-0.012356067547342184
0.0004755986774990715
0.015597760518269747
0.02621672499818921
0.03307857037815459
0.035675089314173965
0.03004392484366819
0.025012553613501864
0.019405123337575998
0.016310652122115504
0.01982700766971522
0.027888337101652935
0.039372424192392334
0.05108931710049695
0.05833800156228166
0.05930709906538684
0.059975787804789425
0.062220634848245776
0.06600766800807627
0.06657275742711771
0.07385060968248809
0.07773870583280271
0.08015451126508477
0.08283841164292476
0.07441033378832816
0.05077005657722772
0.022329979931289847
-0.0006253635914235956
-0.012781870996897144
-0.008161682737812022
0.006820642213357532
0.024329961396571516
0.04401042041374857
0.059274955961753126
0.07386677878545406
0.07974491837773415
0.0783784950442797
0.07005547977728098
0.06151204768885476
0.05142030814944739
0.036090096290300515
0.020681280153974732
0.008768692324407322
0.0043001570817378645
0.00509965215699004
0.010337780608928907
0.016206313851799808
0.018497168455957974
0.013925263138127796
0.007146209418417121
-0.004389192015535996
-0.019885545675520977
-0.03540106813630725
-0.050719451918623815
-0.06574586511163633
-0.07118065911897167
-0.07023624205659285
-0.060697446818161985
-0.04982481033008139
-0.0402392637034367
-0.040581936502493775
-0.051497422332823554
-0.06481578806817753
-0.07506617016383473
-0.08526302106641453
-0.08982795147708292
-0.09305338267145286
-0.08933965920018301
-0.07778262823769216
-0.053284096016669544
-0.019876534388121394
0.01073515277607402
0.03062840255359643
0.03828050979255017
0.03865191140502189
0.033437509831326755
0.021793348621224257
0.0070844936839289125
-0.0031975071779354915
-0.003737028440793647
0.0038190982225449
0.0170857252671865
0.03158803759523736
0.04379329594360373
0.04821597239107378
0.04710840103179851
0.039208587037452086
0.022069376913984032
0.0028153773778397447
-0.015490644478982973
-0.036409015384547855
-0.054171055452219084
-0.06710311863707388
-0.07232186123690468
-0.06888708527653191
-0.057187434534033535
-0.04161702735797589
-0.023393341109785772
-0.0026436312634849227
0.014985363669464517
0.032290869236830534
0.046758875264516046
0.06194293111449994
0.07406680741671633
0.08270220585097161
0.0845043170041652
0.08153495757622466
0.07330122599845432
0.0664687679021601
0.06388271132688342
0.06406620503837053
0.06518767743639482
0.0625804278739727
0.054185907614671985
0.04170084818285378
0.025722750366853293
0.014348210777792386
0.00820653431739681
0.008933675705349682
0.01607429300414373
0.027041349249453655
0.035104585806356586
0.041830737537901674
0.04333900024217073
0.04259846508144424
0.041104005864775084
0.03974965448602373
0.041885049140171986
0.043625410415975174
0.045089311735183754
0.04189434088712528
0.03963812913479691
0.03794959190696157
0.03773163825204925
0.03922114674790076
0.0399562922076386
0.03892963952655501
0.03907155206073144
0.0381321344947448
0.03622252197522542
0.029250809613568195
0.024930708199393574
0.01843471621029394
0.010412912065199287
-0.003812369632034627
-0.019809633810057674
-0.03069288386316208
-0.0372230797239205
-0.030577358914821513
-0.017299952468202595
-0.004512401555648175
0.003594267211619903
0.00541956383417963
0.008085114840870909
0.005821113629285635
0.0053387817275967085
0.007081628118923631
0.011013600337331874
0.008677979510844397
0.0032013823973341226
-0.005159097388482575
-0.017241887585470052
-0.027073370414150966
-0.02964020941305181
-0.031252900622449495
-0.02896369219393266
-0.027686211120684673
-0.025122713248641057
-0.01725973944575827
-0.015743999445909474
-0.014917602202509848
-0.015733276135842904
-0.023443996982742958
-0.036311513011006456
-0.04975769513948961
-0.06324538528192161
-0.0746114354822307
-0.07884703321348362
-0.07610357785910835
-0.06556971212412019
-0.05482640407198007
-0.04509821327754058
-0.03856009138591649
-0.03200699539290311
-0.025127834683969643
-0.020237463884735518
-0.020630443811391685
-0.027192773020668894
-0.030434324542430242
-0.03343843656724335
-0.038901813061269684
-0.04445537559265372
-0.047769895373953805
-0.045483272050888535
-0.03894397954547506
-0.03794615322895523
-0.03732019189286543
-0.03543494277283776
-0.03940817668854333
-0.04872399438788239
-0.05577174787027551
-0.06582200378352134
-0.07592069384230321
-0.07767656575081584
-0.07293884786727582
-0.06238913007055631
-0.043893919953916845
-0.023486224436416528
-0.01055085914516416
-0.0014093177931101088
0.0026998304804906237
0.0022896125341520476
-0.004921548146491586
-0.016084189568221545
-0.027034910873612
-0.03733226384756853
-0.04293248021601727
-0.04458943525932632
-0.037792632108034
-0.0220298101679026
-0.003018061839136692
0.018924547356571158
0.03825553669837649
0.05201395566739253
0.06139937611162583
0.06118964114102653
0.05552701642493086
0.04823972609588352
0.03955084524412541
0.03354374303271403
0.027473452064462774
0.0206804119487476
0.011406429059706912
-0.001985985801918002
-0.013178823694101059
-0.02440832179587764
-0.029874039517482753
-0.0322290461960783
-0.03028965618829128
-0.02948988309226412
-0.02917740237385844
-0.03275145698738152
-0.03584087749209653
-0.031035654213368267
-0.02587134515474417
-0.01677418347859106
-0.004364460360456374
0.004683696495938337
0.01228670868032074
0.010550398215984585
0.005320878652955202
-0.002657403046961367
-0.007097063149492502
-0.013741396293495316
-0.01543150897238888
-0.014462379765160243
-0.008713349118735114
-0.005526431118036159
-0.0037449593492167744
-0.006018374246691736
-0.009918910607297365
-0.013273582441573568
-0.01452409793842718
-0.01137994636150066
-0.005516795503282231
0.003575047196465332
0.009967812998349191
0.01570068917448072
0.0188496451455012
0.02213929913889162
0.029251638798335686
0.03270090110435218
0.039033531500363504
0.04626051083146991
0.05094677048385127
0.050355756846932255
0.048956214898352925
0.04444027955232802
0.03924753433373663
0.03715601330890328
0.03215941906339678
0.03260154525897757
0.039762726340005265
0.047668661668958716
0.05523185103549325
0.0643894895465408
0.07056386759089878
0.07370052723957318
0.07763222875354264
0.07279683778195027
0.06113369555700853
0.048313352825678786
0.03958181773396973
0.03286549428069807
0.03076570579597714
0.03734043375630699
0.049618001893955564
0.060544072023964425
0.06763696730061095
0.06519570101840962
0.050832757578321994
0.023542606561826825
-0.004487191899937885
-0.0260110627880655
-0.041198167111459266
-0.051525492675981666
-0.05850830148085084
-0.060657597173748114
-0.0576385110475457
-0.04949152682912673
-0.0369282557635048
-0.0282393749117467
-0.019268705371873515
-0.013589935940599155
-0.016209915927980916
-0.02309375665329322
-0.03161918079959263
-0.04218104371437707
-0.049689580049619396
-0.054864692898008084
-0.056061328456426224
-0.053089944842141516
-0.04607694395662096
-0.035479450484621915
-0.023659863043064198
-0.01337765976256538
-0.0036252762831451373
0.007256973870680832
0.014052703959332878
0.020977372279328936
0.023550610633611788
0.023708980046644082
0.025862297285663666
0.02981170433319766
0.03276469955587401
0.03439763262871325
0.038778386469850726
0.04122543265763717
0.04132378860373334
0.03685370229779293
0.032668587286207515
0.03048807522559313
0.028329512173529837
0.02200832696608854
0.013256720725448878
0.0049857709455120745
-0.0033137808313455255
-0.01069853451347462
-0.013696127682748055
-0.014405848874247546
-0.013866647091402746
-0.012804432138908936
-0.010389770493850255
-0.007369360110798596
-0.008470717461875183
-0.012895779034941116
-0.0224530382671209
-0.033380003428922896
-0.047086988554567555
-0.05587322545314338
-0.05750432944193671
-0.05438842380023671
-0.042499718930751613
-0.021574548710093355
7.398115750779252e-05
0.016507785923027755
0.022345936860506493
0.02558269130451006
0.024565866901699904
0.01870044797926453
0.009933357932481438
0.0026789130753414356
0.00021999240076548389
-0.00220889115315945
-0.0027588757522717835
-0.005496758497253814
-0.00888195652486713
-0.01050625144345216
-0.00963123470733314
-0.009382320756470141
-0.0120850826489917
-0.02043315392864085
-0.029445155890394457
-0.038484464857564356
-0.04825557815761486
-0.059124556477603604
-0.0692277582770321
-0.07747585426150976
-0.07868843943280836
-0.07451795709359034
-0.06803956089301248
-0.06074944158064079
-0.05097847460731395
-0.045337042878363716
-0.037989051346778976
-0.030540045600284657
-0.018842023961976515
-0.005977558845901621
0.01241064741527256
0.028117704241011822
0.0444065268547339
0.05649633341812154
0.06197631799528487
0.06173743961888718
0.055569304848072626
0.044834922726076615
0.03237793363741653
0.021247049992281265
0.011944833361907693
0.008728889016789285
0.01437238395254332
0.027016766359876432
0.04257975964860125
0.059364849345663474
0.07343270055967534
0.08364011137414695
0.09074717595520257
0.09546296921797878
0.09799368990391945
0.09859809243605462
0.09288508255144055
0.08560549876317337
0.07635130900228831
0.06706697593632642
0.05493124716949244
0.04689661748706778
0.04044558438381695
0.038444493274214085
0.037717151906405524
0.04123391960761026
0.04636671964506991
0.04733259796025425
0.040791086166198386
0.035831610132930514
0.03567313829119165
0.03514319167361922
0.03443538492342113
0.03386488141560375
0.03472620928672308
0.03732206975248591
0.035437430327140224
0.028884846477659692
0.021289648140321474
0.013434346735316663
0.003908747728582462
-0.0046210003724015125
-0.011846755436586512
-0.019273790225521188
-0.02247356790645235
-0.022687175657671557
-0.02497499642109222
-0.02982719057811982
-0.03302225897732741
-0.035321807827650535
-0.03966407774046175
-0.04310995014404647
-0.042610634587296456
-0.04459558098172063
-0.050602975846579364
-0.05779786084962662
-0.06964749648389078
-0.079126444092339
-0.08626652973737037
-0.08959734056057281
-0.09468246247390202
-0.0973951648285185
-0.0961367306171354
-0.09673347538406499
-0.09578598546048898
-0.09364022599674716
-0.09067742688358466
-0.08703779351006838
-0.08008898128066613
-0.07667103289351586
-0.06924687830225883
-0.06246502486456852
-0.05511152169305873
-0.04577721805096219
-0.03792688687700484
-0.03049831809625031
-0.020160893549015676
-0.013992212491766074
-0.007758855022652597
-0.0050973499498709034
-0.0070291480394779745
-0.012573918773547934
-0.018740195194971825
-0.024241570300357552
-0.028170698902769065
-0.02924185929563681
-0.029208618741575546
-0.02688714527048861
-0.022181658286616498
-0.01658554638276681
-0.011074830754853231
-0.005811677994387396
-0.005488225210484896
-0.007599741782108291
-0.009098998076535218
-0.010533882806439255
-0.009668255368422644
-0.010137144721763393
-0.009956999453469687
-0.006819730110113299
-0.0005080488233746211
0.001423331503436361
0.0013755475363091475
-0.002644894550865974
-0.009277648373468722
-0.01287406902670536
-0.013796473672286183
-0.012433140271479971
-0.005702545085092648
0.005354214319386852
0.017366084830967028
0.02731656542889704
0.03537697300247561
0.04298464569300702
0.04473654239219318
0.04521222618306986
0.04756762306626187
0.046697296101636594
0.043583512197429876
0.04094838739414786
0.0398474251252252
0.03426703602783427
0.028959716984606188
0.0281606755221974
0.02639897493252509
0.027649995256575376
0.030461273047373526
0.03386697876530974
0.03446482098266687
0.03645015758168751
0.03949482649674557
0.038647107010927925
0.0368333141076277
0.03600808016168128
0.03253452761953491
0.026637926472284624
0.020380781155459222
0.014564086593228536
0.010049497453061437
0.009124105303538937
0.0077958512959548235
0.00919122537168817
0.008311931017680414
0.007282503006404477
0.004290604385460684
0.0025148027771836647
0.001859742421068317
0.0004982456645220859
0.002811399729734542
0.008989409115618354
0.012686656197802515
0.014678414101213708
0.01668087336568292
0.017038761705223355
0.014482826486014946
0.009637356041940166
0.008115687371003849
0.007735652481835368
0.008363606300145864
0.011602960482273373
0.01449794691412792
0.015335433284403304
0.01511836246739048
0.013612299541533987
0.011159997785588916
0.00953048631930491
0.00615038777801163
0.0027905652430621013
-0.0003018059400357964
-0.0029747881493888545
-0.006464073253108895
-0.010649858928844486
-0.012954926735428848
-0.01414832115691761
-0.015087092446541361
-0.014749575225715069
-0.013867178745165427
-0.01423374669819845
-0.014542669238440128
-0.014345942713575439
-0.014455699950224526
-0.014884651863117203
-0.015272742038423937
-0.01516737948104252
-0.013844095704505864
-0.012165942796493915
-0.009823622644840898
-0.008351792855987921
-0.007115888082493155
-0.0050369657885681275
-0.004056696240110448
-0.003283661914055975
-0.0016144763954265096
-0.0005751766956157831
0.0004878486630493075
0.0010030360356383613
0.0010151140872882807
0.0008128886041479237
0.0004351754323284021
0.0004885959048515358
0.000762098354482829
0.0014426263890978787
0.0016419733817056965
0.001813246129109434
0.0021428121996491575
0.002320988397997958
0.00229101751457719
0.0021897416187101155
0.002088335492058971
0.0020386129397209503
0.0018992913640650344
0.0017777138546775657
0.001645960053292193
0.0014139226951041274
0.001191841651072709
0.0011355619543689868
0.0011341603882340633
0.001165644777733365
0.0011954222660010103
0.0012465356538475516
0.001205137628819341
0.0010582624238095041
0.0008447375910670461
0.00064828591656499
0.0005116845547021727
0.00041013405235033645
0.0003527242255841058
0.000344873065225381
0.0003089518055864129
0.0002732271115129135
0.000230337358700209
0.00015918045328604705
9.448687241992454e-05
2.464912680747037e-05
-5.186036138310946e-05
-0.00012820164700482611
-0.0001984000148277747
-0.00026448994284234296
-0.00032997066393068215
-0.0003954367523466539
-0.00045518561179081233
-0.0005169520728765615
-0.0005740755870201369
-0.0006288837246394449
-0.0006787784547556551
-0.0007252540170953512
-0.0007682443207550069
-0.0008087690191207569
-0.0008468612795833006
-0.0008830715345015247
-0.0009172354101891688
-0.0009494965507133063
-0.0009797600875814218
-0.0010080289473279888
-0.0010342485013095024
