0.019434594803687703
0.028696771645928695
0.02839799174779189
0.008702130745922248
-0.018398052188769262
-0.02517588324414931
-0.00988492037908581
0.02286582908903359
0.05283810682741281
0.03591261846431564
0.010347172974018439
-0.02462184095158275
-0.03776412707111082
-0.0037840282702598154
0.03440481754883631
0.03671809522274515
0.014361340339114176
0.017985985752046935
-0.018942867158790535
-0.01685434933273161
0.03629782896009284
-0.008272375249822706
-0.026307741280381665
0.02590238379214751
-0.019904825607633292
-0.02251627876990523
0.05806443814067436
0.05532948391464122
0.02117025820385533
-0.05520578138095545
-0.10378481400296563
-0.035409346592740636
0.029429517761588548
0.011421652375733352
-0.012628296047965958
0.022542066920250146
-0.011127627167816389
-0.009240720295274321
0.02330362323512346
-0.06737758687383147
-0.05898535716588228
-0.011639501805170524
-0.010697730642769647
0.016502965637289667
-0.0016681750048352783
0.052250016117593966
0.06970778802140416
0.009442915511572433
-0.0877854828831152
-0.09070578943975244
-0.048234519050996065
-0.0011242001643994584
0.09133780059312746
0.035030986074398814
-0.01124568854361421
-0.0698695683708336
-0.07964025530268841
0.01834301060537683
0.03875092676165302
-0.010375660821352588
-0.010070554767584295
-0.03832945167945329
-0.058561867384436854
0.026115538972342207
0.06848123912062408
0.056763345367803496
0.019389505834569016
-0.057906485719811746
-0.0661276674618013
0.02083078138095545
0.0295161498291535
-0.04541857391528593
0.026349042614918446
0.04056455902262911
-0.06128312165559925
-0.03678256559860744
0.01060833843723809
0.007785785088002063
0.021604627361227518
-0.03716314228611953
-0.1077400715621172
-0.05182390722712914
0.0005477020340403585
0.20371832892785766
0.1438156791954097
-0.17508683353748952
-0.2920910966410934
-0.22488274450390044
0.03773954774031333
0.21807910515118303
0.20452622332538198
-0.11233983140996712
-0.28080878086519245
-0.09965750112823157
0.0792213993295081
0.09364221359035522
0.09503437076913158
0.06397657307717104
-0.1339779027786732
-0.18128868222551736
-0.22868246728128425
-0.07932011959254723
0.11381177067887305
0.22263635484494873
0.05432052253239636
-0.22658718006575979
-0.02928063148733157
0.017934449745342015
-0.087126877699697
-0.06903729611243634
-0.06179183321513764
0.09912642640706595
0.0695057136870608
-0.05073335052543356
0.08287243730255947
0.20945014828186448
0.12319341918638387
-0.16673207723551028
-0.21553454000386824
0.008701486042163626
0.1493871284894591
0.255717716459287
0.1885818934949391
-0.16602431339049706
-0.25838114886209784
0.09836728773128747
0.211478950422281
-0.13263147927277416
-0.21841354522596867
-0.10038138256721037
0.011960503835987363
0.1265100170846496
-0.02122808007220682
-0.01343856779060022
-0.05505971568564245
0.13289520340403585
0.3740974147379279
0.11128755399393978
0.02326876893817291
0.16685497388949777
0.18634678615176326
0.09051318419186384
-0.1568149216684933
-0.2326836599832377
-0.14315465637289665
0.11883663206756495
-0.005912699052285475
-0.09058631777448263
0.0660845528979434
0.005423288311520856
0.052091862226806784
0.04247691154664432
-0.1470363774095803
-0.1436019196054413
0.0011494745664367223
0.06166551157243247
0.1107236396750693
0.017156131132744504
-0.04494673135194378
-0.03274954064857198
0.11984760814905551
0.09131704919089678
-0.10784221681387401
-0.027919500676938946
-0.021956393849526145
0.02814655728192895
0.0523938656437367
0.03576937334794662
0.05648471246212365
-0.040410636000257884
0.03773854039069048
-0.07012503223518794
-0.16939107729998065
0.05727447456643672
0.1737196586293598
0.08194184772097221
-0.04342563342144285
0.020543485268519117
-0.05728575688221263
-0.08972342208755077
0.09833626136290376
0.1373597769324995
0.020472769324995164
-0.15399414125459351
-0.17142370736896395
0.01895181242344143
0.12723248823415642
0.21268978466894461
0.15283004803043002
-0.16077884243440138
-0.20852540132808975
0.05067593159693121
0.1732582925020953
0.005766089388176133
-0.10900288504931983
0.013433349719553865
0.13006696860292696
0.049481214944233125
-0.07004202662626523
-0.0954798207723551
-0.06500930791051511
-0.02444736799690542
-0.13763377602991425
-0.005654918283798595
0.05590488201921217
-0.01869090887112372
0.15334863161627232
0.11128090548642898
-0.13786748114241507
-0.19109502933402103
-0.04658407742892141
0.0970430259170911
0.02244979369479724
-0.01825907823480111
0.01865297208432725
-0.011674476984075817
0.0010351101637547547
-0.025874178002707755
0.022316622074656695
0.09172099638965896
0.0027540737218747983
-0.0667751917993682
0.014207638933659984
0.07847193121010895
0.04546773257688093
-0.03875717232931468
-0.020235840693701244
0.09074064373670299
0.11425782509187028
0.11390847624266649
0.02782440687254207
-0.028810803623235123
0.08945264650892915
0.1875856247179421
0.15240111856102123
0.07922401843852749
0.163098768615821
0.10152633614853974
-0.0797000918702856
-0.006571223647733867
0.055551503771516984
0.033715588936883506
0.11705624234414287
0.02533061214621881
-0.08791865450325576
0.021985204048739604
0.06891641415769455
0.09240035297530784
0.13666067629424278
0.116308990393914
0.0826943378892399
0.14512019695699827
0.14260141996002837
0.05627357198117465
0.13313878054284056
0.10315562342853458
-0.01302638047192315
-0.02575934014570305
-0.06796688640319773
0.05882901650441622
0.05800762362194572
-0.028699390754948102
0.06712595093804398
0.019072815260137967
-0.10397238250273999
-0.061670548320546706
0.023275618915608278
-0.13267922764489717
-0.25423489781445424
-0.15738004480691123
-0.023111622397008577
0.10294629617690672
0.11117573818580362
-0.04474364966797756
-0.24100033846947327
-0.27477072722583973
-0.19758659177358007
-0.18392088679001997
-0.06943479627361226
-0.08348127941460898
-0.12387861839984526
-0.11520412932757397
0.019228088131003802
0.4787852169428148
0.6907658274772741
0.3624222326091161
-0.20870672426020245
-0.4463505737863452
-0.31480683063632264
0.0571703146154342
0.24076663335697246
0.5162787699052285
0.4080309941331958
0.18878779575784926
0.2757458416607569
-0.2994044549029721
-0.5499343208045903
-0.6391371446070531
-0.6243008993617433
-0.07535096060860035
0.3360518341821933
0.5596955386499903
0.47862605570240474
0.0690076800335246
-0.20378682870221135
-0.6250684997743536
-0.5969090484172523
0.21034870414544518
0.35455483205467087
-0.367217216813874
-0.627463977177487
-0.0015518321674940364
0.3474993552962414
0.5312379118045258
0.4388155986074399
-0.24119979369479722
-0.3750765585713365
0.2723571175294952
0.383346898974921
0.05553740087679711
-0.24190090903229966
-0.5157428599058732
-0.4937020501579524
-0.2923268164528399
-0.012632265005479983
0.059819845593449814
0.12980002095287216
0.4860119431371285
-0.06303167913093934
-0.6624069208948488
-0.4228188865966089
-0.15835072690348787
0.09891790503513635
0.4078557152988202
0.22932515634066147
0.03193761685255625
0.2541563245438721
0.01650784120946425
-0.02520771549223132
-0.13487645864225387
-0.3372949036167881
-0.20773765392302235
-0.1383354957771904
-0.13801092772870865
-0.31808474630907096
-0.36986050222422795
-0.2961104216362581
-0.2459081458319902
0.23207925020952874
0.49242876023467214
-0.21509936496679777
-0.41498170653084904
0.2874149796918316
0.42798659016182067
-0.13407158629359808
-0.4476299078073625
-0.14690219843981692
-0.02203597446973116
-0.1612555202759332
-0.1461756978918187
0.01889562246147895
0.14489938591966992
0.17978067984011345
0.18197267261943137
0.264761701373219
0.09214589646057637
-0.5861445103474954
-0.3579878795693379
0.6033641448004642
0.7580487234865579
0.5533109567403779
0.2801358713171298
-0.10352955160853587
-0.1271049577719038
0.20943403068789893
0.2958968635162143
-0.009145948842756754
-0.12332094964863645
-0.00123030430017407
0.0002999081297143963
-0.1732028882728386
-0.2198802462768358
-0.13696791792921154
0.11617863935271742
0.28756809683450457
0.14205966733286055
0.07694740829089033
-0.30237412159112886
-0.38930839404293727
0.015353579717619753
0.21835310424859777
0.18321896557281928
-0.11993544903616787
-0.3104309038746696
-0.2781594513571014
-0.03391585004190575
0.14056516343240283
0.0078083698665463224
-0.2166043453033331
-0.28070804590290765
-0.05235034814002965
0.12170254174456836
0.16437105118947845
-0.06716302140416479
-0.2310960769776288
-0.19156223808909806
-0.23602806073109406
-0.19948725904197023
-0.19822545290439042
-0.12818685126684287
-0.3967627812520147
-0.6178377441815486
-0.1988612919863323
0.010177897943395011
-0.2297139932950809
-0.10205176971181742
0.3449668783444007
0.3693850332022436
0.3928321030236606
0.365849236026046
0.0686577267745471
-0.13718228192895365
-0.22722986912513699
-0.17673928985880988
0.07978813422732255
0.12081990200502869
0.03075680162465347
0.0946219618335375
0.12685573947521114
0.360258445619238
0.2524740506737154
-0.355683063632261
-0.3810602153310554
0.10415330249500354
0.2764268100058023
-0.05726480401005738
-0.15741731674295661
0.08461595802978532
-0.08957070788472697
-0.30565405196312295
-0.5124286796467024
-0.40148322158468186
0.23332433434336922
0.42025820385532847
0.6074701018631938
0.6944990651795501
0.2078907710656953
-0.158461132422152
-0.11830172941783251
0.2215826671394494
0.6150352975307846
0.7571259912320288
0.5809808361807749
0.36092732576880926
0.17640001450583456
-0.02384517439236671
0.2638571014119012
0.6195885178260588
-0.11281812101089549
-0.5776545677261298
-0.3255995744955193
-0.44328823093288633
-0.5842849429437174
-0.5576506189156083
-0.6300649539036813
-0.41476210431306815
0.06718377280639547
0.5116711527303204
0.5669605441299723
0.5468719779511314
0.8280756398684804
0.7850980755592806
0.5635013055251112
0.2898084423957192
-0.1160559441686545
-0.06721923151311973
0.23838727354780478
-0.2529515343949455
-0.5506475243375668
-0.1605350638256721
0.09371716040229515
0.3450353781187544
0.34863967506930565
-0.09134182999161886
-0.5336213010121849
-0.5219118689961962
-0.2332215846818387
0.04082646992456966
0.3049690542195861
0.44831490555089937
0.34024240861324223
-0.08694273418864032
-0.4714799174779189
-0.6458682547869253
-0.8717583489136742
-0.920242086261363
-0.8593840661466057
-0.5649297272903101
0.30944168654503257
0.30667348978144543
-0.4742158790535749
-0.4247429243762491
0.4951566630133453
0.4935529624137709
-0.6119951163690285
-0.47345230803945587
0.30519872993359554
0.0011111791631745213
-0.3325825220811037
-0.6982000676938946
-0.7483056379343692
-0.01987839275352975
0.19551205596028626
-0.39449422990136035
-0.6161816614015859
0.14462699858165173
0.23793396621752305
-0.6693878537811875
-0.4354973889497776
0.6005254335632777
0.880179791760686
0.7421487170395203
0.6598945909354651
0.7852491780027078
0.7902818967184578
0.37785281413190636
-0.411721923151312
-0.22382301270066404
0.37572327702920505
0.3272274514860422
0.6942431983753465
0.5661526497324479
-0.11757563180968345
-0.3818681097285797
0.1257178373412417
0.6395138933659983
0.8390577654567726
0.5070695796531494
-0.3460064631551802
-0.6585628747340596
-0.5486469279865902
-0.5376003320224356
0.04523463187415383
0.5073073141641415
-0.06792014538069757
-0.31220383921088257
-0.10747775772032751
0.4192226484430404
0.8116699439107731
0.9317440042550449
0.8142548030430017
0.3637277577203275
-0.09042232125588293
-0.24271081812906967
-0.3318330539617046
-0.15286973760557027
0.6843953484623815
0.16859506962800594
-0.3383949294049384
-0.0780399796918316
0.12847455031912836
0.36713259944555476
0.15442307072400233
0.15849497936947973
-0.15998625975114433
-0.049438100380375216
0.2386773902391851
0.33442395719167045
0.24601492489201213
-0.4783399684095158
-0.6388107633292502
0.02808974276320031
-0.04599094997098833
-0.9125922732254529
-0.5053429823995874
0.37936585326542455
0.2930863580684675
0.29319716652698086
0.38030873251241054
0.5420709496486364
0.4415515601830959
-0.24866828379859454
-0.507875459351428
-0.527212542711624
-0.5040757365740443
-0.5767560118625491
-0.6816070047063374
-0.15715883082973373
0.33536683643865645
0.2782601863193862
-0.22234019405583133
-0.4722374443943008
-0.10663400167622977
-0.25146267165237574
-0.46965459996131775
-0.5316630133453678
-0.12137051930887757
0.3578468506221391
0.3152903584552898
0.4553240442266779
0.5976121784540004
0.25806685577976923
-0.012551616594674747
-0.11957098994262137
0.1796450905808781
0.3987492747082716
0.08457808168396622
-0.33376515053832767
-0.8884501321642705
-0.5911731996647541
-0.15107705821674938
-0.2910112178454
-0.14346894945522531
-0.19951103249306942
-0.3591241699439108
0.17256281832248083
0.08708597930500935
-0.7942045161498292
-1.0
-0.26444539359164465
0.08100702727096899
-0.44720480626652054
-0.21926777770614403
0.006867001643994584
-0.07400030623428534
0.11737113983624525
0.2625233705112501
0.289729869125137
0.05111211398362452
-0.21674335955128618
-0.2722422796724905
-0.07332800109599638
0.06410349912964994
0.1318828170330733
0.14074084520662755
-0.022774160273354393
-0.4223917703565212
-0.4860864870092193
0.19313853877893108
0.5533411772290633
0.5027883437560441
0.006455076236219457
-0.16737899716330346
0.22155647604925535
-0.03702090451937335
0.1550242569789182
0.2089706498613887
-0.6306290696924763
-0.3520465314937786
0.14953238830507382
0.43151432854103544
0.7339791115982207
0.7371522629101928
0.5579508091032171
-0.16721721681387403
-0.5234934079040681
0.23275820385532847
0.2831659789826575
-0.2675762362194572
0.08270461285539295
0.3888490426149185
0.3319640094126749
-0.05168670620849719
-0.10311250886467668
0.4263647572690349
0.6027456321320354
0.4449785636000258
-0.15500793791502807
-0.28868625491586614
0.3333017697118174
0.4365732383469796
0.20917816388369545
-0.1128068386951196
-0.020109116111146928
0.32089928115530914
-0.11430033524595448
-0.3147846689446199
-0.17654930371994068
0.10707260170201792
0.34476742311907677
0.011128634517439237
-0.3303220295274321
-0.4265279479079363
-0.22394792405389724
-0.045165124750177296
0.03521069724711495
0.18568294275030622
0.2715774289214106
0.3755238218038811
0.41411337115595387
0.2106891883179679
-0.01882242843788279
-0.1996294968087164
-0.20925673715427762
-0.045112339629940046
0.1265464831409967
0.1663809151569854
0.12350227258074914
0.2955019824640578
0.43359752756108566
0.42010307201340985
0.006655337341241699
-0.35016681709754366
0.04765912094642512
0.25829250209528726
0.036266198181935404
-0.02956490555089936
0.03569261330668558
0.05042731771001225
0.04876216878344401
-0.1862508864676681
-0.2721737798981368
0.06993706079556443
0.19745946425117658
0.005817000838114886
-0.0138800085423248
-0.10163795048675134
-0.21036079234091937
0.023425109599638966
0.07211414480046419
0.2657267423119077
0.3488995712720005
-0.13375628586164656
-0.5910966410934175
-0.6257555122171362
-0.39375483527818966
-0.34018196763587133
-0.23395292050802657
0.15483165173102958
0.3899369802075946
0.28853515247243894
-0.19943769744052608
-0.48585882599445557
-0.2062407323834698
0.14956401908323125
0.37381132744503903
0.18267902617497261
-0.1365325414222165
-0.3242013732190059
-0.5616759880085102
-0.4115909677003417
-0.2589271323576816
-0.44945522532396365
-0.42847213268003354
-0.11389820127651346
0.05071461382244859
0.2583106343884985
0.259781364837857
-0.12854506479272776
0.039513691896073753
-0.036287352524015215
-0.6107520469344335
-0.6584903455612147
0.01888107633292502
0.19063265585713363
-0.3104087421829669
0.10076336954419444
0.33175448069112246
-0.004048235929340468
-0.29258469795628905
-0.3279184933273161
0.2642499677648121
0.3822367996905422
0.26421773257688097
0.23594142866352913
-0.6513925601186255
-0.605431226226549
0.3204379150280446
-0.04495317838953001
-0.332308522983689
0.06306895106698472
-0.1540938688672555
-0.3093570691767133
-0.14080974792083037
-0.013256660595706272
0.0878791663980401
0.03547925665656631
0.1087794549029721
0.16190082844432982
0.06192762394429759
-0.0021239362387982723
-0.023471850622139127
0.07258800206305202
0.12251627876990523
-0.039501402230675005
-0.053686899619624785
0.15978962510476438
0.1947194732770292
-0.07348494616723615
-0.0499687721616917
0.20115502707755786
-0.06737879569337889
-0.21784540003868222
-0.05093361163045581
0.13503884340145703
0.24100839726645606
0.3025937238089098
0.36843812455676617
0.4175887273547805
0.28114322093997807
-0.09995305750757527
-0.13392169266971826
0.06754561279092257
0.12514123041712333
0.0631461140480949
0.05904378344400748
0.16874919412030173
0.1850670491908968
0.08845234833344078
-0.006388510573141642
-0.1134735026755206
-0.10908528624846882
0.0029919895557991103
0.04992303848881439
-0.023741215911288763
-0.21248227064663788
-0.34752353168718975
-0.35408742182966924
-0.08907086100186964
0.18488733801818064
0.34817830894204116
0.24293243504609632
-0.23818378892398942
-0.5387184901037974
-0.40615933853394365
-0.0001201637144607053
0.13561625620527368
0.0811935884211205
-0.19023757333505256
-0.3733096673328606
-0.08281501837405712
0.1718532412481465
0.3788541196570176
0.5382067564953903
0.33298143253175166
-0.1880969553864999
-0.5930690316549545
-0.5919448294758558
-0.2662928727999484
-0.04519453935916447
0.050008260266907356
0.104263103603894
0.12237021307459223
0.2430110083166785
0.15727165398749274
-0.18781832248082006
-0.1096127345109922
0.22400836503126811
0.250358616465734
0.13739422828960093
0.025789762104313066
-0.04490905647604926
-0.0169986420927084
0.17075502868931725
0.24723381793565857
0.11885798787956935
-0.013015239185094448
-0.13246748275417447
-0.09929767584295017
0.05380596834504545
0.1409558136161434
0.1722217297401844
0.12036901231384178
-0.007560279801431242
-0.052052777061440264
-0.03922478402424086
-0.06562278383082973
0.03926205596028625
0.17541805009348205
0.2756712977886661
0.2183893688350203
-0.052525224034556124
-0.27593723808909804
-0.2157057894397524
0.057990498678357295
0.20427237122042421
0.27484930049642187
0.27278826316807425
0.07102137192959836
-0.17120068016246537
-0.3582719521629811
-0.2948774256978918
0.003644389465540584
0.18086196892527884
0.1706218570691767
0.02462566888014957
-0.13983503642576234
-0.35368649667977564
-0.2558809070981884
0.0342740635677906
0.09800665656630779
0.07775066888014957
0.017656058603571657
-0.010261246051189478
-0.12723248823415642
-0.0897683498807298
0.13408971858680935
0.1432167091096641
0.13273987009219265
0.14227665044162208
-0.0016906389014247954
-0.2011473712204242
-0.2939788698343111
-0.1874766294887499
-0.022904108374701825
0.04359083875958997
0.05117980787827993
-0.0017502276610147638
-0.1927360018696409
-0.186197093997808
-0.0334101605312359
0.04466265875830056
0.1341213493649668
0.1044033266713945
-0.09470315421313907
-0.07556874959706016
0.14772338985236283
0.07192899393978466
-0.02632224711495068
0.048169041325510926
0.006134537586229128
-0.027268551350654372
-0.02020964960350719
-0.05470895654696667
-0.0063910692411836756
0.08822992553671588
0.1044716249758236
0.10540100573786346
0.07695848913674168
-0.021142253884340146
-0.07487408129714396
0.01103851702017923
0.11293577944684417
0.08588521855457418
0.03031961188833731
-0.04778221907033718
-0.05921039907162659
-0.035021718457868604
0.06166430275288505
0.17175774450390047
0.16935803623235124
0.017142128972986913
-0.16730082683257044
-0.16443189510669848
-0.017833593901102444
0.13414310811682031
0.25164600928373415
0.25356803236412867
0.18103583747018245
0.003157517245825543
-0.07701691541486687
-0.0009806971665269808
-0.0030638941718780224
-0.031455297853136485
0.04540970923860486
0.057842821223647735
-0.09433446425117659
-0.0729355376829347
-0.04130496099542261
0.009481315679195409
0.1747816066017665
0.11153012378312166
0.031146444458771197
-0.1252099316614016
-0.1412068451421572
0.12193121010895494
0.18333138579072916
0.2567129778866611
0.35559240216620464
0.12243730255947392
-0.15189965991876733
-0.22903906904777255
-0.28652851202372515
-0.1806004609631874
0.24201574688930436
0.27877997872477595
0.014468018664173812
-0.13407480981239123
-0.09767402972084327
0.03704125298175488
0.04074447166526981
0.026685295919025208
0.0747709286957643
0.12684768067822835
0.0867888111662691
0.03801475565727548
-0.18652347527561086
-0.09556806459931662
0.158024345625685
0.1578186448326994
0.14272169750499647
-0.08024486654632197
-0.08975706756495391
-0.011105848268970408
-0.054035442589130296
0.030608519760170202
0.049745342015343946
0.13559530333311842
0.13842656018309588
0.00497125024176391
-0.055012773193217714
-0.036268011411256525
0.013268990555089937
-0.026175174070014826
0.02070566855779769
0.06382970150215976
0.06345798949132873
0.09359245051898651
0.04838944942299014
-0.01392225678550706
-0.10905284959061311
-0.11730546064083554
-0.01845152230675005
-0.0076829346915092515
-0.057101411901231386
-0.13174682483398878
-0.10674481013474309
-0.10171450905808781
-0.15957163464638
-0.046405172135903554
0.0552652150087035
0.0009089839468764103
-0.1841441154664432
-0.18700740603442717
-0.02604804654761137
-0.042577445039004576
-0.08606392237766745
-0.023670298497840244
-0.004431874959706016
0.009757107858938819
0.09855465476113726
0.08849183643865643
-0.06606944265360068
-0.12328367771259106
-0.014202823802462768
0.07141343240281091
0.07027391850944491
0.002623863709625427
-0.06488701566630134
-0.04460121043130681
-0.008950724485848752
-0.02528407259364322
-0.05637914222164915
-0.13525220005157632
-0.2415684836567597
-0.15907460834246664
0.028436875443233835
-0.10083267519824642
-0.1727143237057572
-0.07205612146218812
-0.011936246857069175
0.06309796273612275
0.09331482496292953
0.09108898523628393
0.10964879762749016
0.14705934498098122
0.14620370221133389
0.06451288601637548
-0.025057015988653213
-0.009735872928889175
0.09717579459738251
0.09791115982206176
0.005031711366127265
-0.15124085326542455
-0.17384839791115983
0.04693161304880407
0.12028701405454194
0.07371986009928437
-0.0061326034749532585
-0.04541696215588937
-0.07709448133582619
-0.1608350525433563
-0.11767777706144027
-0.03323770227580427
-0.022827549803365356
-0.01882762636193669
0.0837780446135001
0.11037126877699696
-0.020180637934369156
-0.1253479385597318
-0.13070844884275676
0.002120672426020244
0.08720766713944943
0.09098925762362195
0.026840427760943846
-0.006122610566694604
0.07699414931339049
0.04310952710979305
-0.09646823222229385
-0.07221770034169299
0.05466604345303333
0.1052160563471085
0.06424432660692413
0.010063543614209271
0.010634005705628264
0.01486527706144027
0.05746043130681452
0.06804263909483592
-0.0025567943717361872
-0.007782541422216491
-0.014603728805363935
-0.13436089710528012
-0.15350597962736123
-0.03163984430404229
0.08045540261749727
0.18694998710592484
0.12533222390561535
-0.09511254109986461
-0.15484776932499517
-0.16941021694281477
-0.14646541164334986
-0.02762092224872671
0.029419847205209206
-0.010310505447746759
-0.06376785023531688
-0.01823635242730965
0.0769623170653085
0.09697613790213397
-0.017540918541680096
-0.11394272612984334
-0.0938084262781252
0.026620624073238345
0.04923239958738959
0.0038749919412030174
0.021301213654825606
-0.012257168299916188
-0.06835270130874863
-0.040359059699568045
0.06994914899103861
0.14874061150151505
0.1063078218683515
0.026103853716717168
0.014082707433434337
0.0045276134678615175
0.07127522403455612
0.10907440687254207
0.0578224727612662
0.0192674150602798
-0.0008472455031912836
0.01532305702404745
-0.019544496647540453
-0.10223571175294953
-0.13303079266327122
-0.06506108568112952
0.01681766165946747
0.10007534975178904
0.11960382954032621
0.06075708368254787
-0.06995096222035975
-0.17373073947521114
-0.09706639642834118
-0.021977951131455096
0.044561520856166596
0.10726178196118882
0.08178772322867642
-0.0002173759751144349
-0.08970831184320804
-0.08708033814712139
0.020554767584295017
0.020697609760814906
-0.04348184353039778
0.03606251208819548
0.20017950970279158
0.21788972342208754
0.09481678325059635
-0.02511403197730643
-0.14129005222100444
-0.11595218715750114
0.035652722261620785
0.08943451421571788
0.11137700664044871
0.08932592192637483
-0.05196372735478048
-0.2346983592289343
-0.2677918090387467
-0.17112553188060087
-0.2012078121977951
-0.13554271968280576
0.06481912030172136
0.17301411095351688
0.16716322287408936
-0.07499214267294178
-0.25707159435239507
-0.23113032686480564
-0.20865635677906003
-0.05576546483140997
0.1119296386435433
0.21067710012249372
0.150177897943395
-0.05870974630907098
-0.15324165108632584
-0.08359188640319773
0.04727975307846045
-0.007102862484688286
-0.04324793694797241
-0.042388264779833665
-0.05661264586422539
0.05301862387982722
0.14713429179292115
0.12001805170524144
0.05408077332215847
0.0769071143059764
0.06057314164141577
0.04746107601057314
0.059632277093675454
0.07214114177035653
0.06974788053639353
-0.01957925020952872
-0.10204975501257173
-0.11293940590548643
-0.0012550387628134873
0.020118585197601704
-0.04984043581974083
-0.10475146670105087
-0.10830076236219457
-0.012080801527947908
0.08678558764747599
0.15757506769389465
0.061089509058087806
-0.1394542582683257
-0.27432749339178647
-0.27187157501128234
-0.08440038521049578
0.07162678905293018
0.19105010154084198
0.21533508477854427
0.06730465476113726
-0.054742602024369806
-0.16280885339436527
-0.14502127522403457
0.06485377312874734
0.19814083553607117
0.3007563180968345
0.21262531429308235
-0.03266492328025272
-0.22905921604022952
-0.24349050673715428
-0.09706196409000065
-0.12485715782348011
-0.07198439816904133
0.07542711624008767
0.01132956047321256
-0.11306794371736187
0.011394252465991876
0.14196638675778478
0.11907114305976403
0.09834532750950938
0.019015376184643155
-0.10259473115853265
-0.06921982786409646
-0.07664701663335698
-0.07913154374315003
0.05663662078524918
0.18171559699568046
0.21569370124427825
0.19207296434788215
0.12340375378763457
-0.07282936303268649
-0.0732449954870737
0.08298364870092192
0.043730860357165884
0.03131023950744633
0.04798187576558571
0.004674142544001031
0.017354135774611566
-0.0093978466894462
-0.0013701526336148539
0.05060461124363355
0.043370430662110764
0.029372501772935336
0.027130745922248727
0.06390404390432597
0.009414750016117595
-0.10482036941525369
-0.09231110179872348
0.024303518470762685
0.0293050093482045
0.01923298385017085
-0.01488558522983689
-0.06963908677712591
0.038781751660112176
0.1317381616272323
0.27659201534394945
0.16617239378505577
-0.26573278640964476
-0.47955281735542515
-0.3658129714396235
-0.07084226516665591
0.1344648555863581
0.30119350783315063
0.25555251112113986
0.03293106505060924
-0.10055102024369802
-0.08437278383082973
0.02155647604925537
0.015725231287473405
0.03689700051576301
0.046361251692347366
0.03021746663658049
0.10991896879633808
0.19114116594674746
0.18181592901811616
0.0795441541486687
0.0629847366385146
0.015033141802591708
-0.1896815163432403
-0.1452706949906518
0.0822952259686674
0.22346036683643866
0.06665007897621042
-0.3311823061053446
-0.29916470569273423
-0.006581458319902005
0.1453258977499839
0.2706829024563213
0.2555363935271743
0.041035797176197535
-0.14075494810134742
-0.29965427760943847
-0.3758320707884727
-0.1919146089871704
-0.04531058603571659
0.13619548223841146
0.17177587679711173
-0.14419988234156406
-0.3140291567274837
-0.379754690219844
-0.23450696280059313
0.14284580297853136
0.3338699148991039
0.3121655599252144
0.1460362807040165
-0.03440904841725227
-0.07385061408033008
0.04310025949326284
0.0452441009606086
-0.016174750983173232
-0.04821618528786023
-0.04163013345367803
-0.11710258042679389
0.01325488766037006
0.23584270840048996
0.04765549448778286
0.06500668880149571
-0.027980344594158983
-0.10558494777899555
0.10125616497969184
0.13651561794855263
0.11816130488040746
0.1251746744246019
0.07456945877119464
-0.016907376216878343
-0.07469336277480498
-0.016172998194829476
0.004989100477080782
-0.008308821159177358
0.006533589065824253
0.013094416865450327
0.0040746486364515505
-0.017203859357875058
-0.054541333569724716
-0.11424392366707498
-0.11841555992521437
-0.020158879182515632
0.16201304719231513
0.12377465991876732
-0.06185710947069822
-0.042913698343111345
0.0744042534330475
0.02637744987428277
0.025145461285539298
0.06439542905035137
0.027409177358003998
0.03266693797949842
-0.019844968893043647
-0.017996381600154727
0.09931983753465282
0.06519727935013861
0.015151505383276385
-0.03276223325381987
0.009811847237444394
0.3213888530720134
0.1321630616981497
-0.3769421700728515
-0.31915858100702726
0.010363471890916123
0.060315663077815745
0.02185565888724131
0.06303147766101477
-0.012819652182322224
-0.07745813454967443
0.0682340355231771
0.10703815034491651
0.008100199052285475
0.011411780349429437
0.11522024692153955
0.09419947940171491
-0.06284894590935465
-0.04101625459351428
-0.02263373573592934
0.015372558184514216
0.037556411578879505
0.002575188575849397
-0.07350529462961769
-0.02785100090258526
0.10978881922506607
0.1810467168461092
0.13642515795242086
-0.01642058458513313
-0.11900667268390175
0.021198463993295082
0.2342208755077042
0.2881463155180195
0.009778846463799885
-0.39920661143704467
-0.32941944426536
-0.17089585616659145
-0.14730533975888077
-0.10487859422345432
0.03602201663335697
0.05738770066404487
-0.109373589710528
-0.2644735993810844
-0.28362935980916765
-0.09387732899232802
-0.05766230417123332
0.02352866514086777
0.25713807942750305
0.3087244536135646
0.18176576300689834
-0.004128642576236219
-0.0008984631874153826
0.07338602443427246
0.059914334988072984
-0.02783024950035459
-0.11022258397266456
-0.06685195184062923
0.048561706208497195
0.05605175359422345
-0.06192742247437302
-0.09311275062858616
0.05795020469344336
0.07023342305460642
-0.06405031106956353
-0.12427188769260525
-0.19453996357423764
-0.2433071691057959
-0.12720488685449036
0.17947343820514472
0.1557644574817871
-0.02657811391915415
0.03130520275933209
0.0378207401199149
0.06633115208561666
0.09527814937786087
0.1517364692798659
0.16845948036877056
0.12425597156856424
0.11040088485590871
0.06400336857713881
-0.009392910676294244
-0.04420129263103604
0.0017988544420088968
0.05510242730965122
0.10433261072787053
0.1685036022822513
0.11252699696989234
-0.09927430533170008
-0.2516057152988202
-0.1887511282315776
0.0018956063438849847
0.020289633163561343
-0.004489455064148024
0.08651944587711946
0.1279974695377474
0.0937034604474244
-0.0007234281316485074
-0.11665128779575785
-0.16884388498484948
-0.08923203694152536
-0.040033081361614334
0.0587063213203533
0.2444918122622655
0.33193983302172647
0.2567573012700664
0.03851299078073626
-0.10624798530075431
-0.22418767326413513
-0.13968957514022307
0.08715649377860873
0.033095867448907225
-0.1303907307717104
-0.10215512378312165
0.03398837921475082
0.050176084714073886
-0.03354151892205532
-0.025359019405583133
-0.062417397330926445
-0.12067383630971568
-0.08468727838308297
-0.15336414480046417
-0.11144187995616014
0.021204105151183032
-0.020360550577009865
-0.1402625556056992
-0.04901138708013667
0.13666712333182904
0.2059929243762491
0.05470271097930501
-0.381102524015215
-0.5069084037134937
-0.33439575140223066
-0.19910869705370382
-0.03487907775127329
0.09285648088453355
0.14465198085229836
0.23599179614467153
0.20109196699116755
-0.01113471890916124
-0.21437004383985558
-0.22329717619753722
-0.07268692379601573
-0.02868226581135968
0.0429491570498356
-0.008945466120817484
-0.0005780494487782864
0.09083251402230674
0.06092228902069499
0.07010166172393785
0.10188394526465089
-0.020525554445232415
-0.16378719134807554
-0.012499194120301722
0.08098546998904003
0.0508925117658436
0.03690929018116176
-0.0026008759912320286
-0.12734833344078397
-0.11685638417896976
-0.00243200390045774
-0.04981444619947135
-0.05330068177422474
0.036010935787505645
0.052789351105666946
-0.0029741393204822386
-0.02827993037199407
-0.06229631390626007
-0.07118859196699116
0.02109772903101025
0.135663400167623
0.12453903681258462
-0.042789391399651856
-0.16698834697956288
-0.10968586809361099
0.047545894848816966
0.1316942411836761
0.08371619334665721
-0.03553365353620011
-0.11655458223196441
-0.06246776481206885
0.08387656340661466
0.0849693362774805
-0.01190215814583199
-0.09812008413384049
-0.17925605215653406
-0.13352761749726
0.03268023499452002
0.172768720585391
0.1628013990071562
0.03473059441686545
-0.05641097446973116
0.0034128199342402165
0.12706990200502868
0.15287275965443878
0.12400070917413449
0.034935690800077364
-0.007980787827993038
-0.007094884275675327
-0.06754944071948939
-0.031371083424666366
0.11573681580813616
0.14548203694152537
0.027552221004448454
-0.08465141673650958
-0.08126994552253239
0.0029403326671394495
-0.001991745777190381
-0.14877566726839017
-0.1445713928824705
0.028142124943588424
0.06934332892785766
0.04647286603055896
-0.03649365772677455
-0.07023523628392754
-0.03074028109083876
-0.069742037908581
-0.11771021371929598
-0.18082086906066663
-0.15345742537553994
-0.04414931339049706
0.04981726677841532
0.20343224163496873
0.2910172619431371
0.10437733705112501
-0.24131261685255623
-0.21824632518857587
0.08692037102701308
0.2613709625427116
0.22732455998968473
0.031306411578879506
-0.09767544001031526
-0.1686949987105925
-0.09243017052414415
0.1795189704080975
0.10262374282767067
-0.26909733414995807
-0.44229498420475793
-0.29603789246341305
-0.0517072561408033
-0.03572263232544646
-0.10014888627425697
-0.1042598800851009
0.07685815711430598
0.23989426858358584
0.1928713896589517
0.07514949068403069
-0.005968949455225324
-0.011283726065372961
0.09880447746760364
0.19983580201147572
0.27998476887370255
0.24843659338533944
0.11601383695441944
0.007821707175552833
-0.05993025111211398
0.03623718651279737
0.15726319225066082
0.24772137515311712
0.1398878215459996
-0.18559872832183613
-0.4594521629811102
-0.46834303075236927
-0.23313293791502804
-0.07043992972729031
0.009161341144993876
0.0488133421442847
-0.05459472309973567
-0.31119648958803425
-0.3557878279930372
-0.09637354135774612
0.06425722068209658
0.26582747727419254
0.47807805750757526
0.34270638579072915
0.18253074431048932
0.12925766391593063
0.15933168396621752
0.2747868448198053
0.30219481335826187
0.2975871961833538
0.04949975017729353
-0.4412956933788924
-0.10037977080781381
0.11545516085358777
-0.5083992811553091
-0.49039794339500997
-0.1723536925407775
0.13204842531106958
0.4361702984978402
0.1143533218361163
-0.019590592966281992
0.09947899877506286
0.07895666784862355
0.1498938253497518
-0.03728422571078589
0.19104425891302945
0.4127594932628457
0.22541462510476437
-0.15166615627619107
-0.25514554187350913
-0.02045201792276449
0.1508852588485591
0.2607161852878602
0.16485639223776677
-0.18483676906711366
-0.22145171168847916
0.07591447198762169
0.22442137837663595
0.24267455354264716
0.10665999129649925
-0.00958676503771517
-0.035897105280123784
-0.008753505576687512
-0.044575825220811036
-0.10632051447359937
-0.14882583327960802
-0.27672297079491975
-0.29947093997808005
-0.24154833666430275
-0.10911026851911547
0.0787838066533428
0.21536731996647543
0.3827545773966862
0.46167840564760493
0.45033766359357874
0.33619689252788343
0.06499439913609696
-0.11096600799432661
-0.17088195474179615
-0.07793138740248855
-0.06893837437947263
-0.08434155599252144
0.09058692218425635
0.2414113371155954
0.3640219038101992
0.3235405518664174
-0.004718264457481787
-0.25209931661401586
-0.32795072851524726
-0.30029495196956996
-0.21165825865514795
-0.18898704951324866
-0.11523233511701372
-0.04630443717361873
0.021564736316162722
0.0974294452324157
0.10261588550061247
0.13690606666236865
0.13195232415704986
-0.049659112887628136
-0.15566049900070916
-0.222833795371027
-0.25526037973051385
-0.2626623847592031
-0.20119229901360325
0.08963699148991039
0.26338163238991685
0.07880778157436659
-0.30515440655019016
-0.35731497002127527
-0.12189575140223068
0.0657186835149249
0.1926376845464509
0.14364442975952552
-0.11529962607182
-0.12846508123267358
0.09352677132357681
0.04636850460963188
0.05180416317452131
0.12558466572110116
0.05915096544387854
-0.0401295854554832
-0.15162022113338922
-0.2707070788472697
-0.26670185674682484
-0.10435698858874347
0.031542332860550575
0.1424783218361163
0.11346907033718007
-0.09078073625169235
-0.16757885532847658
-0.04252788343756044
0.003973953968151634
0.017275784120946425
0.03353386306492167
-0.08631213332473729
-0.1182108664818516
-0.024237839275352974
0.027420862613629037
0.0516534636709432
0.09878171136612726
0.08626942170072852
0.001964460705305912
-0.04768631938624202
-0.0789417590742054
-0.0558057588163239
0.024907928244471664
0.002441352104957772
-0.10155111694926182
-0.06004649925859068
0.07766907356069885
0.11840327025981562
0.09116514086777126
-0.014179433144220231
-0.11706692025014506
-0.05874580942556895
0.09652202469215394
0.12477133163561344
0.08503118754432337
0.07768760879375927
0.002917848623557475
-0.09301181419637677
-0.07392616530204371
0.04694632035329766
0.018034459415898395
-0.06120495132486622
-0.07727096898974921
-0.1947944200889691
-0.15980876474759848
-0.03431234285345884
0.012034685062213913
0.0968052914060989
0.006940155373605828
-0.0662259847849913
-0.012964065824253756
-0.06682979014892657
-0.18181613048804074
-0.17615704177680355
-0.05921221230094771
0.03661897201985687
0.07189272935336213
0.11890190832312553
0.12390964476822901
0.04519514376893817
0.00820887192959835
0.014252405550899362
0.07584617368319256
0.09459959867191026
0.06128997163303462
0.09170266262652312
0.10646214783057185
0.11079657178776352
0.1409781767777706
0.18959548868544904
0.05977028399200567
-0.2034987267100767
-0.3573995873895945
-0.38412054348526853
-0.21238556508284442
-0.08647290632454388
-0.021923151311972148
0.05535587647475985
0.08123045741731674
0.0065506938624202175
-0.0438037924698601
0.07854848978144542
0.23307854103539424
0.1954687399265038
0.010744431371284894
-0.010852681161756174
0.04593615015150539
-0.024908935594094513
-0.10630882921797434
-0.0769808522983689
-0.0443914802398298
-0.08297236638514602
-0.07761951195925472
-0.12216128876281349
-0.03395191315840371
0.23030228547482431
0.35419420088969117
0.22768519115466443
-0.033867497260009025
-0.1615198488169686
-0.15870511250080588
-0.04386302462768358
0.06177974501966347
0.13772967571400943
0.1484980417123332
0.06383232061117916
0.01717793017858294
0.13953625652762555
0.22150006447037585
0.07565437431500226
-0.036382244858487525
-0.06803961704596738
0.006722124621236542
0.043275336857713884
0.021347753207401197
0.10426572271291341
0.20192726129843336
0.23123710592482755
0.12096737798981369
-0.01718284604474244
-0.11892265972535619
-0.17031481690413255
-0.20060723035265296
-0.19887620076075044
-0.027059022629101925
0.13310493359551287
0.24090564760492553
0.17466112758687383
-0.06269663464637999
-0.21118278963316356
-0.17022455837792536
0.034871220424215074
0.055984865579266324
-0.0498386225904197
-0.07463533943652892
-0.055958070079298566
0.09709299045838438
0.23198052994648957
0.18429058410160531
0.012393845496744247
-0.14819462800593128
-0.17530784604474245
-0.013527174263425956
0.09363355038359875
0.10691263458190961
0.05338388885307201
-0.0567075381986977
-0.11035454677325769
-0.059101202372509834
0.02888232544645735
0.05294428147766102
0.059018196763587126
0.14359950196634647
0.062019494229901356
-0.19401876087937592
-0.20999008767971117
0.0084911514409129
0.09678776352266134
-0.01195574914576752
-0.1394955596028625
-0.11172595254980337
0.023620938366320676
0.1144901199148991
0.10128376635935787
-0.07095770743343434
-0.10352814131906389
0.06744890722712914
0.1819825446457353
0.1602123090065115
0.06159983237702276
-0.022599888788601637
-0.13242557700986396
-0.16190163432402813
-0.15869604635420023
-0.18493629520985108
-0.20166132099800144
-0.14760835052543356
0.06406501837405712
0.19141939591257817
0.11532078041389981
-0.06318318451421573
-0.18024426213654826
-0.19837514505834566
-0.1440733592289343
-0.09414286635291083
-0.08224425407775128
-0.08738334891367416
-0.049586382244858486
0.010181463961059893
0.08096411417703565
0.1428409677003417
0.12189897492102378
-0.0006764977274192509
-0.09112786893172588
-0.11883884823673523
-0.1236878263812778
0.005427821384823673
0.09243963961059894
0.09282485010637612
0.06661844819805299
0.09107649410096061
0.11426830152794791
0.04734079846560505
0.0388460205660499
0.07334331281026368
-0.020615611501515054
-0.07810404712784476
0.010363673360840694
0.0053119358842112045
-0.06046978757011154
-0.013739362387982722
0.04932507575269164
0.07240647766101477
0.06680601669782735
0.12571078589388177
0.15446376764876538
0.04914697633937206
-0.04526968764102895
-0.06486807749339178
0.026060537682934693
0.03384674585777835
-0.06665833924311779
-0.11049819482947586
-0.08428796499258591
0.03883977499838824
0.0931715798465605
-0.035230038359873636
-0.11707659080652441
-0.042099356908000776
-0.0017690933047514667
-0.06638776513442074
-0.06272524337566888
0.07245785249178002
0.19056878989104506
0.15009730997356716
-0.021428139707304495
-0.09496949745342016
0.015058950099929082
0.12351697988524273
0.089029962607182
-0.0010999814647669397
-0.09670939172200374
-0.1270908548771839
-0.09058007220682097
-0.09058954129327573
-0.05337623299593837
-0.05344755334923603
-0.04685183095867449
0.012003719134807557
0.06616050705950616
0.045909757591386754
-0.07729051157243247
-0.07392334472309973
0.03853051866417381
0.07753811810972858
0.04095198568757656
0.05798606634001677
0.07894437818322482
0.029450873573592936
0.070572093997808
0.09881374508413383
0.015293259622203598
-0.017812338824060345
0.07227995454838501
0.10154487138160016
0.004743448198052994
-0.1316438737025337
-0.14532791244922957
-0.07497985300754302
-0.0025712800593127457
0.11887732899232803
0.23350364257623624
0.24277730320417767
0.08225835697247115
-0.009649281155309134
-0.0701405454193798
-0.09718909161240409
-0.02274796918316034
-0.0990782750950938
-0.13072134291792922
0.03491393204822384
0.17569950357810588
0.14620309780156018
-0.06729659596415448
-0.28496309070981884
-0.24736477338662885
0.015233725259493264
0.15932765456772613
0.18324958900135388
0.07779378344400747
-0.1510486509573851
-0.1363896992456966
0.05519308877570757
0.17158629359809166
0.17720851331313262
0.017872437302559475
-0.1877030816839662
-0.24429840113467863
-0.06013192250660822
0.041476411901231386
0.1041164334988073
0.08284826091161113
-0.07192496454129327
-0.16838372767713236
-0.14694168654503253
-0.03994040519631229
-0.0316311810972858
0.03174843659338534
0.12857468087163948
0.11235776223325382
7.097463090709818e-07
-0.09545584585133131
-0.052494197666172394
0.04289617045967378
0.04805843433692219
0.055739878150989616
0.09006108568112951
0.11562338824060345
0.0144205523499452
-0.010312741763909483
0.15591797756430922
0.19368875314293083
0.016143704467797046
-0.19367465024821096
-0.22899273096512152
-0.08942383630971569
0.005444140448713816
0.05831788730578299
0.09014469569982593
0.03921168847914383
-0.13268527174263425
-0.14878392753529754
0.10554445232415706
0.15161860937399263
-0.003009336116304558
-0.05735063019792406
0.014118166140158598
0.056429308232867
0.05242610083166785
0.005104824801753595
-0.04783016891238476
-0.04056536490232738
-0.07595275127328992
-0.10214646057636516
-0.04869266165946748
-0.03730054477467604
-0.05709899426213655
-0.08838969118689961
-0.10754565308490747
-0.02712792534330475
0.024839025530268843
0.006039786280704017
-0.09737182483398878
-0.08811387886016375
0.0667087067242602
0.06227052575591516
-0.06758348913674166
-0.08036554703113918
0.022229184127393463
0.07173618722197152
0.046299601895429046
0.014468260428083296
0.026830354264715365
0.0307678824705048
-0.0275080990909677
-0.015248472857971762
0.03203855328476565
0.020696400941267484
-0.00907577686802914
0.044215194055831346
0.0607568822126233
0.054511717490812975
0.02181395461285539
-0.15039065018374057
-0.1933601556959577
-0.0820780413899813
-0.016119749693765718
0.04319535329765973
0.0246480320417768
-0.05436484591580169
-0.0003717301431242344
0.07133123267358649
0.09796434788214815
0.15659814002965639
0.1481420443556186
-0.025275207916962156
-0.14917961446715236
-0.11381640448713816
0.03110111372574302
0.14679562084971956
0.19710467571400941
0.174592224872671
-0.007438007704209915
-0.08961523273805685
-0.003358140996712011
-0.020668799561601444
-0.017176137096254273
0.13447895848107794
0.14845049481013475
-0.05590185997034363
-0.11969771452517568
-0.04830120559602862
-0.059455990909677
-0.04569458771194636
0.004766959738250274
-0.029751869640900007
-0.12936504738572627
-0.17320691767133
-0.152963018180646
-0.06874234414286635
0.007742328025272387
0.0676616594674747
0.03923928985880988
-0.1896216797756431
-0.2174505189865257
0.0734567403777964
0.19226073431758106
0.11584984043581974
0.051383695441944426
-0.09276078267036297
-0.13300863097156856
0.02682672780607311
0.10809687479853008
0.1248327799626072
0.08605485623106184
0.025381986976984076
-0.014237194571594352
-0.06237367835729482
-0.06367980787827993
-0.025544573206111792
0.02008693427245181
0.10050992037908581
0.1362887628134872
0.05656106956353556
-0.09741030558958158
-0.14379714396234933
-0.040759178969763395
-0.003880895009992908
0.017318938978789247
0.01900657194893946
-0.019810860034814005
-0.037903141319063895
-0.01705370382309329
-0.053953444329830444
-0.07960137160724647
-0.026071618528786023
0.013468445780413901
0.0737933966217523
0.09747840242408613
0.05499645412932758
-0.016615849236026048
-0.08137793340210174
-0.00474699406872542
0.1497243891431887
0.2061903649023274
0.11858479466185287
-0.05210012249371414
-0.11645948842756754
0.0014556101315195667
0.1238671346141448
0.1667220037392818
0.09569579653149378
-0.03493004964218942
-0.10595786860937399
-0.06001567436013152
-0.0029879198633228033
0.041709512603958485
0.04808180484817227
-0.04835660982528528
-0.08048380987686159
-0.0025975517374766293
0.055498517181355164
0.06281953130036748
-0.02472257591386758
-0.06325047546902199
0.05245390368125846
0.06916281187544324
-0.012680940139256011
0.005515400361034105
0.05845549126426407
-0.020412126877699697
-0.06342152343498163
0.015341692992070144
0.08095424215073173
0.05631447037586229
-0.09022044839146412
-0.21262329959383663
-0.1674511233962994
0.030060723035265295
0.13120728837599124
0.10388474308555219
-0.025446658822770935
-0.20201993746373542
-0.19333920282380246
-0.025274804977113017
0.04447609760814906
0.025090661466056347
0.04023576010573141
-0.04435702888272839
-0.12059304686996326
-0.06039947456643672
0.0024794299207014374
0.014964581587260653
-0.05724687318677068
-0.10069970504803043
-0.016138486396750692
0.06647197956289086
0.0794802881825801
0.03245640190832313
-0.01724568451421572
-0.07089041647862807
-0.08965331055380053
-0.008732915350396492
0.07253763458190961
0.08958460930952226
0.023139223776674617
-0.06656405131841918
-0.0600277625556057
0.0512583811488621
0.1441962558829218
0.12915169073560698
0.031380552511121144
-0.05834689897492102
-0.04964440558313455
0.004910688382438269
0.00815235961575656
0.0648021968280575
0.1091007994326607
0.04698016730062537
-0.039765730771710396
-0.07872054509702792
-0.008847229385597318
0.038475517374766295
-0.04459012958545548
-0.1071584278898846
-0.0281362823157759
0.10922127844755336
0.14661248468828572
0.029534282122364773
-0.029136983431113404
-0.027195619237960156
-0.021007470504803043
0.05899039391399652
0.08599078879504868
0.03591443169363678
0.013844993069434593
