-2.838055165410118e-05
-2.2907393495244516e-05
4.668392874641075e-06
0.00010489237429810938
0.00018346759945244367
0.00015168231042643476
0.00018721883546288405
0.00044945348295122176
0.0007430909614602294
0.0005367566492165253
0.00013377062615620795
0.00015483669815214584
0.00016277062318681353
-0.00019632299885084434
-0.0011190697481062687
-0.0016910107521773087
-0.0008406385385828269
0.00015786162027977635
-0.0008628110069513525
-0.0035901760553970234
-0.0053731192597893515
-0.003269748700147579
0.0015928574185866276
0.0036791094192161395
0.0037652218583064355
0.004788326716532698
0.005289263560482111
0.002880104760236245
0.001367156715730961
0.005129925854220549
0.005579700031772521
0.0007568214414034546
-0.0014937004296713774
0.0009194908082394758
0.007550457435215236
0.012752628656438093
0.010393741704254252
0.0031406691233456766
-0.0034879694983801957
-0.0024098387915752343
0.0005090818929295749
-0.011209790687385122
-0.026357859541703665
-0.02638265398537276
-0.016215922486927242
-0.005868443948225638
0.0017527860343440162
0.008584192725577474
0.01366004590683822
0.010509874721248097
0.0028704482894803263
0.0021361497049906613
0.005489786767784445
0.005405159025919845
-0.0008516431144196763
-0.005491538710510766
0.00221393299264481
0.01565037161971559
0.025957555475711838
0.025287333454088706
0.012556411071090273
0.004440432462607901
0.0026518206842078697
-0.004364237800985245
-0.009813789273953363
-0.011292131995522155
-0.01480281736145548
-0.014075375108754073
-0.006405993425760686
0.00547692928980993
0.01763187823107234
0.02339772960100247
0.015549115268923209
-0.0037756741267753273
-0.013508398932205755
-0.011369276863369254
-0.015841511540551537
-0.021719724796522247
-0.01906861973637716
-0.011337474648794872
0.002943299412950717
0.01579358551410611
0.017587040374856356
0.017656435123185328
0.014729532706395185
0.006049369152148803
0.004030745110149688
0.005293539488492112
0.001134920375687786
-0.005845638998838967
-0.010835082801564278
-0.004144086896359226
0.01335666287573975
0.02161668680905903
0.014571442145803208
0.009308903135383602
0.007661275236141093
-5.817726690995905e-05
-0.011328744629107787
-0.01828107693997963
-0.014020560087181421
-0.012436417841309624
-0.021522022513948733
-0.016485602891002437
0.004733927410183241
0.018393171580519587
0.016113715929910413
0.010970902903770834
0.018089847937310145
0.020941030795589857
0.007300612586075322
-0.007079273923668746
-0.010374024925097026
-0.004363792391817537
-0.004078225727427406
-0.007519932060254953
-0.00496794538689725
0.006141568849864447
0.02272355828475899
0.02225534416766389
0.011727474916040374
0.01056234392120415
0.003900952878679451
-0.006278012524905796
-0.004811577075087078
0.0023879038747628197
0.011647004326407716
0.018305960465482277
0.016581633107560376
0.010218844371067409
0.004898105229400569
0.00965154156112944
0.01040060100543696
-0.0035569782254304878
-0.012121097844516567
-0.0176315812916272
-0.0324406343814306
-0.051631533781315984
-0.0518138546006313
-0.020278202566150684
0.006899595865415166
0.01918127856186288
0.028775035706968276
0.028373365719528816
0.03603627412261817
0.045860218725595286
0.03211162547621663
0.014891394397940428
0.015516659787569522
0.01617322259471626
-7.751812072963961e-05
-0.016497628938530566
-0.029730765005092512
-0.03627115322372309
-0.00926756916462026
0.029513939822252047
0.048760723225712586
0.05213484614082651
0.030953858579619856
-0.00030750455059699676
-0.02341293290059358
-0.052560954244600895
-0.0669524213927054
-0.04438769601715123
-0.016041826890242274
-0.009706920767647854
-0.00867107720722513
0.009365232548126462
0.028347116272578535
0.04523634895135835
0.07403472409871455
0.0875056789668883
0.0668015761545748
0.012956477585525985
-0.047370155804126866
-0.07112828080969448
-0.07147332444494595
-0.054242225382977655
-0.023086240123051705
-0.006523165730812516
0.009663775466269163
0.03356217466572042
0.05061807945505673
0.05989446772119762
0.06398896573021864
0.06749106954618744
0.06304766768912816
0.03739655372079972
0.0018857228545382742
-0.016277448339960032
-0.01987579023009838
-0.029103777366681613
-0.027209392788528634
-0.01026893805546235
-0.0040960124001912296
-0.013215082148297499
-0.03816592382315474
-0.06338202150435461
-0.0595200270808774
-0.03804002149841583
-0.02643928033756076
-0.020350863648376186
-0.003650128129370578
0.026489314634066674
0.05468793149013122
0.06291790515160244
0.04806291552963604
0.03302501120946406
0.025676531984832333
0.01157903488741541
0.011889633547030756
0.011071921703007106
-0.012800495294994493
-0.02484833817839528
-0.024409877393703105
-0.034078255421371925
-0.0414007821384985
-0.02904771519943938
-0.009865664595019138
0.004816714127487982
-0.00116134204751625
-0.01576760331265645
-0.00014066229373843793
0.01989325026947255
0.025243920907209394
0.035948676986302185
0.04565622132678483
0.040824422675483786
0.027605539702288514
0.01858460844080067
0.016275933948789824
0.016441151056065136
0.023824580053389714
0.037733283051587296
0.030212103845662756
0.0016478862365597786
-0.03359365024690515
-0.06480109511267367
-0.064395772770059
-0.0431586636537211
-0.019077023122674595
0.00042815698594585606
0.004442540732668387
-0.010208629654154628
-0.03719463489810523
-0.04388764999153723
-0.023767419210200466
-0.01371759277130615
-0.007525158194489398
0.022708651924613014
0.04110681208781093
0.02527774231001072
0.0011116818947112116
-0.0188885556568449
-0.010540815811431575
0.030342163322633616
0.06281219470913298
0.05530912880936192
0.005628873203887531
-0.024741885387312968
-0.025015485392063996
-0.05985438089610386
-0.07759057395425352
-0.045072438377641647
-0.007677666293512764
0.04332999771356627
0.07477261861988485
0.0782414652179981
0.06857935261262171
0.018854971805599686
-0.01790571578737948
-0.023670676338974198
-0.014519685600515487
0.001350789413514902
-0.02107302037895412
-0.031140039611721983
0.007404392922151387
0.02988487657711963
0.014991611460674825
0.010248152294302622
0.036243537855325164
0.056980304006603935
0.05523043985640008
0.01652809492560182
-0.04619754193527314
-0.07104127755226877
-0.062184167782664085
-0.05699158770551922
-0.0447915336625402
-0.012672098678916409
0.008491993027861829
0.0055973085408692605
0.012742176387969203
0.015752221849398253
0.002338510967458406
-0.00963996092276902
-0.02141963779326482
-0.015424608559576447
-0.0022953656660797167
0.013137759116783316
0.059846363531085106
0.08824030715416205
0.060227930718088664
0.0410554415638019
0.05672374832600388
0.06799675742125909
0.04605115078881964
-0.0018256312190255042
-0.05149464469710693
-0.08760426286267442
-0.06848967690018976
-0.005195371307929174
0.012384661296021903
-0.0447458049879888
-0.09681027648031737
-0.07653406340844912
-0.011770917156864201
0.032192096065849295
0.01888329982866594
0.010794491179413782
0.03427156300015738
0.033913454029319806
0.015919042429677316
-0.0022892457441154026
0.007856334757652872
0.05529339101876955
0.10194732888122127
0.09938325677244639
0.03343300600708498
-0.06938257381172258
-0.18553043777782396
-0.20691601661673137
-0.11162458539829972
-0.04051530871309414
-0.02915259421146246
0.0031041455715935854
0.06725470574785684
0.10721503463798628
0.13290089052139598
0.1269229056118586
0.062130124803648795
0.0019838494635788925
0.00035620261959978507
0.04068248562070737
-0.004012780273718781
-0.11245690666302423
-0.12460826263700045
-0.07060121329457285
-0.013778524745448661
0.015278306494956484
0.015345414809557888
0.008329953172649502
-0.02982816114309809
-0.050009353592521885
-0.037895411988633165
-0.055694259269707135
-0.09176794776241282
-0.09895210069810464
-0.08719389254949239
-0.05477255923199582
0.027789434300663066
0.07760245153205907
0.06948264240473441
0.07609696854520458
0.04659425303397879
-0.03643833013133632
-0.08837511766225514
-0.08149384296060505
-0.05557013858163905
-0.06332233667588169
-0.10797787207254826
-0.153150972922092
-0.15592587203691552
-0.1142085524498989
-0.06819837930450844
-0.03472974056400679
-0.06748988178840688
-0.13319486057208355
-0.1093678456152437
-0.02741846785185097
0.020307005692329166
0.010604301464802283
0.035666287573975046
0.13010906585819954
0.1816372647126072
0.20110609943314262
0.20665203745000285
0.1545658893781791
0.0876666201461536
0.05275010467115441
0.013295612125819183
-0.05754300425514225
-0.04295229073934953
0.05300606647286419
0.0929432340862728
0.08487420160406689
0.05963137937280451
0.00567246391443393
-0.047376985411365063
-0.03295315186374043
0.017878070725037044
0.04058568336159207
0.06337519189711642
0.07477261861988485
0.04160953056843118
-0.022692468724852942
-0.05534773093722997
-0.022557064337869578
0.027384973082439302
0.04581567780882445
0.03561343235274031
0.04745062639375952
0.08748340850850286
0.1037473757976536
0.07237750505539406
0.05295380513051974
0.05420926510456723
0.017788098073159942
-0.03427423545516363
-0.10258218541492835
-0.21276720838319443
-0.28303881889366306
-0.25178683311112365
-0.20974852198391183
-0.2030819345010972
-0.19066600548150217
-0.1690381240553614
-0.14027894491476353
-0.10644566453563126
-0.04441531138554915
0.04488655428498466
0.11451558783617256
0.14161754793344994
0.13405004617408373
0.10740477894343006
0.06754422170686733
0.02354706044796285
-0.03500826976354712
-0.09490154972696419
-0.11651874133307995
-0.12681452271438287
-0.17391802689677496
-0.22228203902378188
-0.22218612758300202
-0.20391781903916337
-0.18159985034251966
-0.18030074027003676
-0.21261101823505135
-0.2096947759443417
-0.17576944433721634
-0.16091564247303047
-0.2012248752111982
-0.26598618043822325
-0.27780585505197924
-0.26814879041717027
-0.27512835207516134
-0.27855473633261973
-0.2792902553382289
-0.2893472974056401
-0.3077569491253649
-0.31927523020230486
-0.2898550638568277
-0.2256514109077736
-0.1721147136464461
-0.1278270862223067
-0.0805893654107118
-0.045410652405654915
-0.021668265190679666
0.005690785078199003
0.03381783952798506
0.07650526028227064
0.15742422847708668
0.26164344105306603
0.3695025373475587
0.44536462679165845
0.43957133821699745
0.3590769934287301
0.24745122027264982
0.13738675471911013
0.057240422960545656
0.0015821171188559516
-0.045127075235547216
-0.06972642968919349
-0.0985577651149601
-0.13644605055690995
-0.14975992445860517
-0.15938848290668084
-0.16295145930890315
-0.14660316121733297
-0.13404677984018717
-0.10906021635007973
-0.04780814148570683
0.016534093102393628
0.020850018855654767
-0.03043421455062669
-0.04169178279473467
0.03196582820865341
0.12622895812856885
0.17551763968773848
0.19307151192657282
0.21672986527857374
0.2589163491889099
0.30759957121944126
0.3401322568288649
0.3576012043863895
0.3595877292743691
0.34643925064361625
0.3359988597525307
0.3292613037423278
0.31797166603814486
0.30506964714685736
0.2888398278938976
0.2624065754270732
0.22122434072019695
0.1887534185153622
0.21502365122680533
0.27298237070514214
0.30583278152086446
0.3410824630533095
0.4072376020358168
0.49896813542814217
0.6030097782159285
0.6884630117380163
0.7353735052810682
0.7428029301984447
0.7175749549394392
0.6545050167919256
0.5493379735070627
0.41483034364801985
0.26628430764114275
0.12055800860530513
-0.024317974635432598
-0.16763092802484791
-0.28937016174291574
-0.3475616817462415
-0.27826076628193214
-0.10556434826245885
0.0013770893401708589
-0.0667086341082463
-0.12498596961121719
-0.05756557165297281
-0.034114482033678874
-0.02716247635619668
-0.004887920206432302
-0.07537778120907804
-0.17747951860177155
-0.2829913085824408
-0.3673348793980444
-0.42632190017489735
-0.4976794182362391
-0.5474434998470762
-0.54683180459009
-0.48706086367807017
-0.4463742209051308
-0.43934566423869187
-0.40380795144446197
-0.31968797603104804
-0.19268459982955674
-0.07594938964097052
-0.0008315848549005401
0.05610967755345653
0.09321671531524575
0.09514355537475243
0.09040113549643822
0.10486000789858925
0.15022582244802818
0.2034272750757938
0.23171164804361447
0.22083327147094894
0.15296894904222183
0.04769500755710888
-0.022624558673749663
-0.0070102058087294266
-0.0029787183499668914
-0.11428308425062877
-0.25625369318434893
-0.33135175743610606
-0.3372044338997948
-0.30377796056050294
-0.2911304187736995
-0.30249518215750265
-0.29165778322826624
-0.25356490650861574
-0.19769010805626408
-0.1806900278826139
-0.24430069275972552
-0.3333501599018912
-0.38554617556841636
-0.411210651811776
-0.46272073736003017
-0.5375583857184004
-0.5876669170855988
-0.5782539366746939
-0.5358005042031778
-0.51858098577957
-0.5321481490279688
-0.5631278413393157
-0.5931365416650584
-0.5906125563813771
-0.56377813872417
-0.5312098203813297
-0.49732309090207233
-0.4744765699930813
-0.4527732659478753
-0.4156439577277006
-0.36484949624223134
-0.3249141102654936
-0.3121932244357408
-0.28874480727145313
-0.24594158013356338
-0.19444901401257242
-0.09981738224123954
0.013245934156647435
0.10475014030388782
0.18326389899307835
0.23702983350605314
0.273610397631611
0.3152160679872554
0.3706992033114687
0.4640183627352874
0.5828743144410561
0.6644732739652403
0.6747414399781453
0.6136342715630002
0.4994759018793298
0.4014057113332878
0.36481683290326605
0.37150984799669806
0.40265582639732284
0.43782533427958037
0.47238017751040035
0.5062639375952063
0.5274268118502594
0.5340515308713095
0.5172892991932155
0.4853504924740698
0.4347549804168436
0.3582247772211813
0.25405515353254016
0.11708886506774674
0.002571415421253144
-0.0411332396984283
-0.015459439556491246
0.09838999432845662
0.2947400146688086
0.3826955568950824
0.30464502374030866
0.31556645653251936
0.39459985925070307
0.39607564829304365
0.4020471005347879
0.4024182748412117
0.3878296399015349
0.3940594294605501
0.40229652966870466
0.4292259679483563
0.4394406848611363
0.4096546891192479
0.37610944000190044
0.35824853237679244
0.3464214342769079
0.3006482188087384
0.21946230205274242
0.1833853472261402
0.21842687420754286
0.2089821212760082
0.12874789544168258
0.079737149203163
0.0724098714549142
0.0733900685633179
0.10352734366880563
0.15734999361580193
0.2027389694419617
0.24338077435868505
0.29646909305785274
0.35095273020972834
0.38559071648518717
0.38667157606549296
0.33708268872728786
0.2532750936101601
0.175478146741535
0.12236191573452426
0.10485763238302813
0.11283461363724095
0.1088624546796172
0.07525603603657106
0.02455727813427008
-0.04633413408003706
-0.14548993523750703
-0.2476317594552943
-0.3312537674192102
-0.38388034528118686
-0.3954817694027657
-0.38123758421945014
-0.36487622079229387
-0.35386273677209007
-0.3461690357485398
-0.35588489439348636
-0.3847236533053815
-0.40035454569749596
-0.3825827199059296
-0.32858725120186244
-0.25166093078638474
-0.19173617524178294
-0.17040790571578737
-0.17718762712719996
-0.18351451588477563
-0.16629885767395455
-0.13386891311254898
-0.0866222841175999
-0.026027217469541435
0.017210253912919537
0.027302691162191296
0.02668366150091012
0.041303979879383196
0.03653335075378078
-0.02335808818507642
-0.11004724306572163
-0.1839587372947035
-0.22086296541546283
-0.20312350602341667
-0.12253354673381457
-0.05031638897879556
-0.05254432563567312
-0.06766270054547777
-0.02675807452586194
0.054919247317894465
0.13150171185590123
0.19597736133670263
0.25135656785511734
0.2937161674619695
0.3328542710285092
0.353892430716604
0.3503529125305477
0.3243588335030837
0.24367652604604345
0.10790630966626975
-0.021223063880582833
-0.09843275360855662
-0.16230531907628076
-0.24865590360157855
-0.3136215031668592
-0.33651256499262105
-0.346620383705151
-0.3326493828113633
-0.303626521443482
-0.3136749522669842
-0.345987902687005
-0.33862083505310764
-0.25018365704681844
-0.12002381454350015
-0.024976526936861768
0.024915238635385084
0.06424047344025133
0.13105600574874765
0.21497495315780255
0.2731575649777741
0.2715508256401272
0.21868402376703322
0.1539574604550894
0.11436117932470032
0.12662774780339048
0.15952299647532878
0.1454204514073445
0.04545905353521257
-0.12174962659864776
-0.28265487619109836
-0.3580287971873896
-0.34712815015633863
-0.3071838559962467
-0.28127885880232445
-0.28786141242216473
-0.30979395371901813
-0.3030860916533291
-0.2407641439681206
-0.1567825423361414
-0.1065101003952264
-0.09250703004136367
-0.06566370420080234
-0.011070615169448494
0.030629303766082982
0.04436512861932067
0.021761771421953922
-0.042198361488141725
-0.11077860491909886
-0.15497121172079378
-0.14656901318114196
-0.05918983041788289
0.03248279978264033
0.04191181492358263
0.047364810894114366
0.10733202877937104
0.11806223256891224
0.10690295128114524
0.1811541442353661
0.2822299558451045
0.3618474384518765
0.39852836810989134
0.39421680736647374
0.3753344280500878
0.279980639548177
0.06078884932995614
-0.2443395918270387
-0.5360618109149001
-0.7576053615386213
-0.8063925123749514
-0.5818528427497781
-0.3881889366301531
-0.5004112611315175
-0.587500630996321
-0.48631257627632
-0.4334959571694545
-0.3661560298008427
-0.31310185913786603
-0.3215171230131039
-0.25097024963699155
-0.19848679658757193
-0.14326556185397113
-0.09457521327675648
-0.09143893885719885
-0.08035567406738744
-0.06751037061012148
-0.031132022246703233
-0.07143353455929732
-0.18045425796317358
-0.2776205648382125
-0.35411810469490956
-0.45326618542680597
-0.557245470931113
-0.5802107676181596
-0.5470485703850414
-0.4534176245438268
-0.29838257084232817
-0.12250266503152013
-0.0022611463644219036
0.04009959348989961
0.0949451998253996
0.17725384462346594
0.2689478544640391
0.41834016788956235
0.6303371153520663
0.8463427453239462
0.9909433469232619
1.0
0.8826376537032803
0.6890242272893289
0.48818923356959815
0.3329552304398564
0.2594692504357587
0.2671320697570144
0.25886230620989464
0.21662563953332997
0.19827032773206563
0.18811292013219746
0.17301889425689418
0.16029800842714145
0.15988259014339207
0.1731355914588338
0.1674129744721159
0.13980948365199886
0.09244615745511019
0.03412398409592332
0.008613797588257827
0.016352098916467963
0.026597608449708852
-0.023074778260469345
-0.14476213665747145
-0.22162342733446372
-0.17392812283790968
-0.03140075244455399
0.05079980639548177
-0.022825883617553874
-0.08405375791714796
-0.016180735162678275
0.07529760755889052
0.08655012783243114
0.03386178656586562
-0.019698012584293687
-0.02246005422114268
0.04499553106135066
0.10892985993366373
0.1015185483224406
0.06855619133590088
0.041934976200303474
0.005508642422550769
-0.045334635907699344
-0.09234608886209836
-0.08931938509779701
-0.05068251531465189
-0.019789202687895857
-0.020699915966137027
-0.04987394920553851
-0.05206536231066399
0.007170612496993489
0.08325023977860196
0.1071434722317078
0.11904272661676105
0.16101838352104858
0.19406418049167234
0.20964815645145488
0.20635034697374163
0.19051783269837783
0.1757640994272038
0.14146017002752628
0.07443499847076186
0.002187609310833242
-0.03871644955444237
-0.05482838384768194
-0.06645029679097542
-0.07126546683334868
-0.08500901211215997
-0.130041660604153
-0.186139460579804
-0.2195095154245195
-0.23252080803161812
-0.22327411370999115
-0.17658988802413525
-0.15428736017863878
-0.2089135282641811
-0.2752791973132919
-0.30194584418399556
-0.31803402332162406
-0.33960667401096895
-0.34313134522476835
-0.32607811289043825
-0.2966240954482153
-0.2570782940234998
-0.22145921982130184
-0.20130712743750165
-0.2028883299828666
-0.2070719098254293
-0.19681948160311669
-0.17044472620698461
-0.12267043581802363
-0.0792376970564393
-0.05101182115931098
-0.02098055343573785
0.004735619965020534
0.0007100119072717501
-0.04691969866585107
-0.10506222366072888
-0.12910422277584932
-0.11222143368302902
-0.1128456003967111
-0.17198910826115232
-0.22740483833131908
-0.2256347822988458
-0.18151373790342937
-0.1395651024886495
-0.14325279345783015
-0.1745127966053883
-0.19159661370256767
-0.1801210919057277
-0.12984389893369047
-0.07663561669868664
-0.04206266016171322
0.014499939127413748
0.091742707909576
0.16783017439253614
0.24795987754217283
0.3058476284931214
0.3025308148909193
0.26159771237851465
0.23614228150453279
0.2443271203703429
0.25129628914775415
0.23923846909899665
0.25426390196247284
0.3124901638808798
0.36271747102613366
0.3457948920476647
0.26769506694499795
0.1771139861448055
0.11156400975149139
0.09770109481573423
0.12082050307480796
0.1570714644162616
0.20324020322535627
0.2504357586357414
0.2885648619676989
0.29730468065647375
0.2581855812144229
0.18485579135846827
0.10708764761602167
0.05504218024818199
0.03377062615620797
0.014056638229765803
-0.023510774447766867
-0.06836704090934737
-0.09368320718355905
-0.08171654754445927
-0.04599651393091407
-0.037626978730227544
-0.08995186611594298
-0.16250397156507873
-0.2099341091371237
-0.23448417164287685
-0.2507843655443346
-0.2629419572466587
-0.2579798021789417
-0.24082857982771574
-0.22294480786533205
-0.16735744679587494
-0.07661156460363039
-0.013435826931813796
0.0189864268979627
0.06258919318583361
0.1250376370746714
0.18160252279752592
0.2247062526538963
0.2667412974472116
0.3059307715377603
0.3358088185076417
0.3632786865774463
0.40138789496657945
0.45417185073447974
0.5190590582862437
0.5811728514204099
0.61267218776075
0.5934572362658084
0.511887970686138
0.3766884719199214
0.23346359076993428
0.12291570779970841
0.05118404603749158
0.01799366925102964
0.008081741490457851
-0.013535687667214025
-0.05668841253203235
-0.09347267711695553
-0.10570361286222903
-0.10673518049464173
-0.10915137675973739
-0.12857745220017283
-0.16557135603336412
-0.16663350842862615
-0.0895290243460651
0.004591604334128141
0.020527869251623518
-0.03864013611704165
-0.09090771418984527
-0.07408728238050415
-0.02361538621428932
-0.01578286600013659
-0.04699898149770317
-0.07072830337709231
-0.07241996739604892
-0.07166603814484113
-0.08139614988315433
-0.08613411566979147
-0.08527625761278504
-0.086972969602309
-0.06893360137067249
-0.022248544254370207
0.010395820280370224
-0.014231030765895913
-0.06805644224973202
-0.11410521752299053
-0.1689092523361711
-0.2233836843652474
-0.2523863538508592
-0.2377119034115373
-0.17247876140618645
-0.1090759541406721
-0.09455917854671897
-0.09073994340334177
-0.05110030911396239
-0.026270084241720584
-0.06419355700791937
-0.10592245723329642
-0.09001095706552563
-0.02964064388349284
0.038880063188713926
0.09775899800753632
0.15317621277492882
0.22475316908622828
0.2744308413185299
0.2577413598044951
0.22190403511012002
0.1872342763140313
0.10526354860453309
-0.034656099581612324
-0.17982593409725955
-0.31177750921254627
-0.4173127574093815
-0.4325219957893987
-0.3771190341153729
-0.30521514747497547
-0.22307367958452234
-0.1381905697971013
-0.06469894794354589
-0.04091350450902548
-0.0827947346697588
-0.1442858457874686
-0.18645718578610265
-0.18523617078769128
-0.1446763211578263
-0.09678919377971251
-0.04686476486850037
-0.028916200719187338
-0.07741151946883473
-0.14726385148276713
-0.16865121195834534
-0.15682262916123516
-0.18167764847714607
-0.23792807532759844
-0.2851646083814128
-0.31133803883374067
-0.3113647633838032
-0.2833146756381971
-0.2606947195258471
-0.27992867514527764
-0.3128286748483382
-0.32464686476486854
-0.28004062131609503
-0.1748468534811696
-0.08936897398513521
-0.052594805341346744
-0.01010487901202308
0.06926854906478923
0.16645059373042057
0.25775115880618465
0.31945636326383964
0.33904248906520495
0.36790797252716256
0.446611772461242
0.5411899551324498
0.6132957605955418
0.6614355834414688
0.6884095626378913
0.6886085120661344
0.6583355356342181
0.5839076637101397
0.4535007675884657
0.2933835952834139
0.15659784600126497
0.04833164572748679
-0.0565310346261087
-0.16709910947860404
-0.2757531126677337
-0.3198572315147772
-0.2862344812022485
-0.2342222710522643
-0.20880336373003455
-0.20867241343472828
-0.16705130222793665
-0.1267385062164273
-0.1540533718958693
-0.19697062378069244
-0.2513102453016756
-0.30331770442053757
-0.34278392607395575
-0.40259346911384364
-0.4573550415863693
-0.4569630815187859
-0.38080405262954725
-0.2777975407475154
-0.1957683159673248
-0.16185842521134666
-0.1777672529241112
-0.21759277130614754
-0.2627162832683531
-0.29959408377849506
-0.3550772191027084
-0.4064744676618098
-0.41202129649700536
-0.3710436530678299
-0.30276242765812766
-0.24854098803630975
-0.2059245358094124
-0.16085180049232561
-0.11131903470925175
-0.04489071143721661
0.03592521877013621
0.10655909540367434
0.15740819374704917
0.20953294394674093
0.290124981812459
0.40151260953353785
0.5001232298697327
0.5550124863036681
0.5954021896314685
0.6715909124652211
0.7724612419789233
0.8380789205657291
0.843322871166883
0.7970062565141092
0.7166366262928001
0.6093375577918395
0.4753852046952065
0.33039561242275867
0.20860263266512064
0.1186475002152811
0.03695173843198157
-0.049458530921789125
-0.13863627590425484
-0.21383589344624954
-0.26554522536219194
-0.30633163978869793
-0.34341640709210175
-0.37332414800649705
-0.3786363946800329
-0.36234629671970997
-0.3708595506118438
-0.40039314782536395
-0.393067651713786
-0.33150913534202975
-0.24680270452446632
-0.16035680243727898
-0.06224385261113701
0.03888570503817157
0.0744445005330063
0.014215411751081604
-0.0406278487628018
-0.0011293497916969794
0.1007188903966814
0.1929402646918214
0.2580011818189917
0.33759045517847547
0.42141942993565323
0.46502201805985705
0.4784793137135544
0.4862413108094867
0.4992294421398644
0.5059937227001298
0.4988820229890518
0.48543660491316004
0.4649121504651557
0.43943177667778216
0.4096309339636368
0.3799458976330957
0.35097351597088805
0.3075847242471843
0.268960325920735
0.26467489584848963
0.2960836656580624
0.35399932891685404
0.40580041512134435
0.4295347849713008
0.43371569235885726
0.4141236277685892
0.3460591681538384
0.2429038896097919
0.12681660129049885
0.0021891474571590617
-0.11980081302020079
-0.22901454706341737
-0.3095623409518097
-0.3411834224646568
-0.3105006695984488
-0.28827890928203015
-0.33244449459421743
-0.38500277638381203
-0.41832235152285396
-0.4482330618317007
-0.4589911779290849
-0.48833770329216764
-0.5833939584700493
-0.6937633808337467
-0.7557613675843086
-0.7448577511588061
-0.6942800554682884
-0.6519513375637307
-0.6304529217356705
-0.6034670649614424
-0.5425469683967349
-0.45688290786859836
-0.3537083282606178
-0.252167806419237
-0.18694713587058193
-0.17585199350296496
-0.16086338113068602
-0.07186290899696825
0.07923116438864623
0.25736127731471725
0.41561723317763816
0.5170190842981391
0.5780906199798675
0.6258949012527876
0.659630191615024
0.6726777108344295
0.6694499790657692
0.6647345806769626
0.661269297352191
0.6545822210476618
0.6478327874596534
0.6310527394148512
0.5953457711368921
0.5418550994895611
0.4676855648827535
0.3343508458320095
0.1396146913759877
-0.043767686455701095
-0.19754193527313976
-0.34085381968055256
-0.49953528976835754
-0.7084084342679998
-0.9015645739364373
-0.957012076527234
-0.8807728739878078
-0.772428578639958
-0.7262604337097536
-0.7532789538229469
-0.7136464460802509
-0.6011449985004558
-0.4842132143991876
-0.35891664612835505
-0.2903687690969181
-0.24466770991391726
-0.162094195130787
-0.08483292702119258
-0.021488735602148656
0.007543063643031277
0.00393257692958675
0.051212849163670054
0.12395172952379821
0.1602510919948095
0.17173700667222933
0.17709616977809717
0.19376931962264934
0.23924440788789944
0.32878026184120274
0.4059162215049485
0.4247392129323067
0.42601902194085556
0.44639500666629056
0.4656901318114197
0.4777725978341237
0.4911586280209877
0.4901341869352583
0.4805757061962354
0.4685912301904273
0.45703434698561923
0.4473184883406727
0.44046512594686565
0.44173305737760904
0.4433157446201997
0.44345827555386635
0.42585867464048055
0.37026270232711445
0.32563270372272984
0.32505961059361166
0.333584742063551
0.33087368492943237
0.2986438775540504
0.2488750449120911
0.19330074917822007
0.1188785191035992
0.021139000323663996
-0.12460054221142683
-0.2759918519816254
-0.3798449382217485
-0.43995735949567805
-0.45920200493513363
-0.5235309663300364
-0.6233560689968495
-0.670364552556797
-0.7111759098966948
-0.7004534265327272
-0.6129839741781459
-0.5223847800718
-0.47118648094094173
-0.43359691658080174
-0.353206500598333
-0.2735486342270221
-0.2018662644126983
-0.11608313116706111
-0.026662400636638172
0.0523810089408467
0.09955488777173672
0.12280970041779381
0.15746283060495475
0.19965733188030968
0.22437902538535318
0.2297571926157099
0.21362417562186548
0.1654516894369731
0.07720336491779232
-0.022391312739593015
-0.07197010413666341
-0.04870727412558757
-0.02395360024230259
-0.05426508972025335
-0.1078219788638503
-0.13991519409446831
-0.14084906864943034
-0.11651695969640911
-0.10487574568918161
-0.1614729978115563
-0.2557287042453433
-0.30458563585128084
-0.2733428551915408
-0.20186567053380805
-0.16482871048107162
-0.19264688852002412
-0.25359430351368445
-0.2898785220729937
-0.283040897469779
-0.2512677829610208
-0.23023853145628012
-0.23438944795987754
-0.21453815523400316
-0.14054589347594346
-0.04146165472475198
0.04751179591945815
0.11212225590835262
0.15092511484133042
0.18472781045761338
0.20875615035825748
0.22788766186911502
0.2540435728941797
0.2511558367902034
0.22447463988668792
0.2129872405120424
0.22949054099397512
0.2362215643363849
0.21845330181816025
0.20236660737775747
0.18826346843088287
0.17434116560609797
0.16950550674201012
0.18427022677265426
0.19831575946717186
0.18084206087852506
0.15130965142278535
0.15668811559258722
0.21087689187543987
0.2770908248680847
0.3059337409322117
0.28749023811574104
0.23591274731344036
0.16639328441750875
0.10262850796837002
0.06821352321621052
0.07049104876042629
0.08346373923965686
0.0656016438567683
-0.00015874649982629044
-0.07569075538425449
-0.11797225991703512
-0.13970139769396828
-0.16337608271545184
-0.19574960878228106
-0.22600595660526948
-0.22342733446368285
-0.17845674631572384
-0.10379607386665639
-0.03755987041562615
-0.03912117801816676
-0.08645837354388321
-0.09112982489480921
-0.061339078121798625
-0.06275637009344685
-0.07528246364718844
-0.05865533941663277
-0.04374214966341914
-0.05499674851307573
-0.05214642677918692
-0.017318785280117828
0.0028507047857730377
-0.012810650624018243
-0.02567976862478435
-0.016202322660339878
-0.008681321618082426
-0.02739097125923111
-0.06601884377718852
-0.08479937286389187
-0.0702677502976818
-0.05690131811419697
-0.05657230920898302
-0.038216997407718646
0.010497284488774204
0.04342115812322393
0.009196630331176564
-0.0667077432899109
-0.11162725785330598
-0.10882147703618801
-0.1001677707865035
-0.09918371346531303
-0.09413455514017029
-0.09608574423417832
-0.10649881669631113
-0.10968586776098752
-0.1209740207679448
-0.16581633107560376
-0.2206141301604364
-0.23841535295707147
-0.21044068783053074
-0.1693018062826448
-0.1438912132648789
-0.13571647034020354
-0.12682996356553008
-0.1048436762291066
-0.06576139727825304
-0.01643544981871847
0.01221068447511499
0.01964551369039312
0.0237320240283399
0.027702282573514786
0.03804506946898319
0.0532828140357337
0.06328106209300738
0.047820019063512374
-0.001111441373760649
-0.06084526782453255
-0.09087326921420916
-0.07617803301372751
-0.039166906692718155
-0.004918950378449323
-0.002686069679810196
-0.04065694882842542
-0.07143798865097441
-0.059242685639117616
-0.050177124379025384
-0.08144276937604115
-0.10126763449129818
-0.06459977016886946
-0.0007404214758484302
0.050252843937535825
0.07519219405586619
0.0781027944971182
0.052357550724680714
-4.939468894108425e-05
-0.0374696008243039
-0.04471522022513949
-0.03414269128096707
-0.006750324406343814
0.038724169980015974
0.08027846981165132
0.10740240342786897
0.13599648423696956
0.14430247439639635
0.12599318820912853
0.1132678482876987
0.11377026982887381
0.11128874688584758
0.10906674901787279
0.11969925972996327
0.12502397786019498
0.1124423566302124
0.10207679447930183
0.12052237587188845
0.14816951679044094
0.14098358221807827
0.09900792531379075
0.05053107619763102
0.017269166698835107
0.0041876479129611096
-0.007368938352401795
-0.04528950111203822
-0.09236895319937405
-0.10937437828303676
-0.08930156873108867
-0.047332444494594214
-0.008999759479049439
0.00790250884137198
0.010108679836920856
0.01032122909175132
0.007719772306833467
0.020719781215016823
0.06073450941149572
0.11344363643922095
0.15997078115859834
0.1664256508170289
0.1429992071716815
0.12178258687705817
0.11542392559885263
0.1394979941740481
0.16016230710071294
0.13321713103046895
0.07587812417413717
0.030294356071966243
0.017508915606840297
0.012041963482387038
-0.0145665129510139
-0.04139632804682142
-0.051454854811458305
-0.05468941618735691
-0.04538452173448269
-0.02268650024200565
-0.0032494380421000746
0.0047800717999578355
0.006913908346670864
0.005487411252223334
-0.008868571632187048
-0.015571860830420852
0.017538104754297457
0.07425831950090418
0.11211898957445608
0.1194082590737271
0.10926629232500616
0.0754027241224697
0.02167631224964293
-0.025035024007554137
-0.04648408849983223
-0.056019111022689146
-0.07932974828443236
-0.10941684062369161
-0.11812666842850739
-0.10538529377704006
-0.11401465099222317
-0.14822593528501735
-0.16845137171176683
-0.16361927612102065
-0.1455148781508987
-0.12978480798410783
-0.11797849564538306
-0.107911060697392
-0.11041218164379737
-0.12647987195971128
-0.13126623887590605
-0.11234466355276168
-0.0962356986539735
-0.10101078187125301
-0.11235416561500614
-0.10050598481451677
-0.07908031915051564
-0.08306138629149358
-0.09394302919805565
-0.09809305488331765
-0.10806606308775453
-0.1131077979267688
-0.09723163355296954
-0.07365939264005891
-0.061317104602858344
-0.053926281813349804
-0.05049544346421435
-0.06770545982557778
-0.10058467376747861
-0.13080449803871497
-0.150402798357331
-0.15584896472062454
-0.1532210506311448
-0.14565859684234594
-0.13111212730387892
-0.11929690678180001
-0.10684742360490425
-0.08815419471507177
-0.0812167984582904
-0.08895147712526985
-0.09501498059500726
-0.0907951741401376
-0.07294941042673168
-0.03238124649240281
0.022783361889009975
0.06755728704245344
0.09728508265309457
0.11164774667502057
0.12261282956566669
0.1379200579625797
0.13715276643634064
0.11815695625191157
0.11032963247804875
0.1370182528676927
0.16640783445032056
0.16813216180824245
0.16501667314984456
0.15936561856940515
0.14199970899934378
0.13655443345438567
0.1408158114315748
0.14292883252318356
0.1486945057294466
0.13169798882913808
0.0806579584225389
0.03704141414441353
0.022285275663733894
0.009211269445821915
-0.006100056715434022
-3.429709979243933e-05
0.011810944594068932
0.009431984535393697
0.01223262830011076
0.029330550020934234
0.0401079077943635
0.03445833791114978
0.009975354026053467
-0.014985435120215935
-0.004853831558130351
0.010533125079802476
-0.007356377813872417
-0.024344610103661565
-0.012776354118104695
0.009320513467688534
0.01280192060433116
0.007888760545062046
0.02875368576086279
0.06680306085180049
0.09421829206369946
0.0996570349408645
0.09114021777538907
0.08683697133643536
0.10040502540316953
0.127738004388765
0.15313434431316422
0.1628199151347066
0.16155079594618268
0.1719867327455912
0.16690461414203803
0.11837431592575326
0.07012937651624705
0.04583913602499043
0.020864806440022688
-0.002673809050120409
-0.013646980571252106
-0.022404585932790728
-0.03635340545002658
-0.0701198744540026
-0.11392467834034606
-0.13136393195335677
-0.12145149939572825
-0.10584584685645057
-0.09042518759149447
-0.07553723769111766
-0.07139315079475843
-0.07481240850553347
-0.07318488340672687
-0.08003616722441793
-0.10304748952546107
-0.1065169300024646
-0.06773871704343334
-0.024131585745718876
-0.012876185159560414
-0.014076711336257198
-0.001140936368846301
0.0007027131357102347
-0.030264662127452352
-0.04800560621672422
-0.021302584263991047
0.007571866769209755
0.007066446139638744
-0.008979181575501307
-0.0168894108424469
-0.004989651660336908
-0.0030069572911996054
-0.03947809923122378
-0.06450118627308334
-0.02574545163004909
0.04098803630975535
0.07682387630690474
0.0755589142706128
0.06395600545180821
0.06008539978442197
0.06195671216768765
0.043395621330941984
-0.008721883546288407
-0.04774370562611167
-0.04569601121243345
-0.04592940561631267
-0.06432896139490274
-0.08677402017406591
-0.12358085215681967
-0.16617503392533162
-0.18553043777782396
-0.18195261440334473
-0.16930150934319965
-0.13680534728552807
-0.08959553878177623
-0.059444901401257244
-0.05791477244045622
-0.07425980419812989
-0.08200606350346974
-0.06807128922198896
-0.06458076604438057
-0.0934762403902972
-0.12590351249669654
-0.14101357310203733
-0.1366218387084322
-0.10502629398786706
-0.054959334142988224
-0.007641855396429006
0.029337587485784026
0.062094789009677256
0.07884959720164267
0.07344708093678456
0.07178451698345156
0.08054868470672776
0.09254028725921923
0.11258132429053744
0.12864842072756102
0.1296832546938703
0.1291642045437674
0.13709783263898992
0.14118757961688874
0.12024414361179327
0.06944285251908579
0.003477903251189985
-0.04511994868886388
-0.058477769628439674
-0.06080161772609712
-0.0636121495743373
-0.05025551639254207
-0.01564348262458837
0.02377142789270984
0.03583702775492994
0.02253414061270485
0.019532973640685455
0.03000632481018146
0.04537145639889657
0.061679370725927864
0.07259842800257743
0.08710570153428611
0.1044579518898711
0.10130950295306279
0.07682951815636237
0.062326995655775916
0.055990604835955804
0.033462106072708594
0.016394561257122835
0.035217612072370084
0.06827825601525081
0.08395695565803266
0.08679718145078674
0.08072239428213404
0.06515890714406612
0.06377249687471234
0.0863912652292818
0.12056602597032387
0.15678521479114765
0.1717411638244613
0.1471424032497053
0.10646912275179722
0.07639865902146575
0.04763680742586165
0.024218975024423273
0.03651612826596272
0.08135873551306683
0.11101793811188085
0.09074202197945773
0.042431162013130665
0.013657521921554538
0.013251338454548966
0.011421953920936905
0.016086931991958882
0.05669346050259971
0.10576003135680541
0.11782675958891703
0.09808860079164056
0.07731026311804234
0.05439039816610199
0.020402620193663908
-0.00948513669607357
-0.02302708978558003
-0.02834073207450805
-0.04101060370758591
-0.052288066894518204
-0.05560339579949461
-0.06673565559775396
-0.08441929037411401
-0.08245384818673929
-0.046445783311409305
-0.00840311905193174
0.0004187826076628193
0.0035414779863942344
0.03374301078781004
0.07042601902194086
0.08508532554956068
0.08308751696266581
0.06640634975309485
0.04846586235668961
0.04035733692828022
0.02941191142890231
0.017313351288271783
0.002230442825794536
-0.02372765901849636
-0.04997876882967257
-0.06489403715900217
-0.07872963366580654
-0.10854116619997684
-0.1381626574892582
-0.13982789389759748
-0.12083386534983923
-0.11137782871938927
-0.11705055987932382
-0.11047691444283768
-0.08171357815000788
-0.051214927739786024
-0.032500319209903525
-0.027436996873227645
-0.033682138201556557
-0.036313318624932825
-0.026436162473386805
-0.013623017558029393
0.001607428237159596
0.017814020886720572
0.012308526022288276
-0.014518230597234307
-0.032671653269748704
-0.03475230796183734
-0.026015844688792613
-0.00929349197818089
0.0003105006695984488
-0.00010811862136954411
0.000827451457824206
0.006155970412953686
0.00994236405369853
0.003933675605533764
-0.012631714914377512
-0.025929940107313917
-0.024038643699390384
-0.015404773004641164
-0.011477689454789487
-0.012352265202557241
-0.01923781583221734
-0.03653394463267106
-0.05212267162357581
-0.05369615374336712
-0.05436159503992351
-0.07136345685024453
-0.09922083089595539
-0.11204534859206162
-0.10264543351674295
-0.0948718557824503
-0.1029477178718944
-0.10672775700851325
-0.08164023410705856
-0.042365241456309814
-0.03237501076405489
-0.05563398056234393
-0.061452508989841705
-0.03461898215096995
-0.01037779605605029
-0.007846060652851065
-0.02444010582921825
-0.04391823475438654
-0.04551012711977647
-0.029960596135630062
-0.02650499303677001
-0.04123330829144013
-0.03742209051308167
-0.013402926041292399
-0.003957994946090644
-0.011833749543455604
-0.01048398160163198
-0.009601893285902207
-0.03493373796281724
-0.059418473790639886
-0.05794862353720206
-0.04531711648043615
-0.039649730230514095
-0.04176007886711663
-0.03244865174644935
0.00042423144648111907
0.034323824342501835
0.04650962529211418
0.045783311409304306
0.05429270508865128
0.0803607220379548
0.10591295517105197
0.11795206803476567
0.1211150670043858
0.12752331716992954
0.13820155655657143
0.14427574984633385
0.1395116533885245
0.10090477448933839
0.040392672722251756
0.019216822213446012
0.03768280334591367
0.04297218568217384
0.02819255929138371
0.007651268376839911
-0.0058417787860521615
0.0022279129017219517
0.021542719193274915
0.03691729345634545
0.04304998381680024
0.05127312787103326
0.05345355421668859
0.030490929984648234
0.006050942931208039
-0.013960162604040158
-0.034780220269680404
-0.042134222567991715
-0.03566331817952365
-0.02846431827157488
-0.03565025284393754
-0.04860928410869171
-0.05443939317454991
-0.044807568392577705
-0.016102610394662216
0.00773206559986222
0.009307834153381102
-0.000881919060246044
-0.0007494543737695573
0.013024625188185375
0.020970427800658612
0.01982685460953948
0.017630868636958865
0.025788448461705204
0.05731228230626928
0.08749023811574107
0.08562219206637191
0.052942224492159316
0.005870611606175152
-0.03238777916019586
-0.04451389528133528
-0.02558893484851634
-6.916283862231975e-05
-0.0005660467560850316
-0.014578360834874945
-0.009394629553195217
0.008229439170469966
0.013179716660381448
0.0037244223785443437
-0.005392212466111787
6.053110589157554e-06
0.014328011188678293
0.022026106916016617
0.022018772511721685
0.025333388762029757
0.032712333973732736
0.03782919449236717
0.04311234110027942
0.04338671314758782
0.02548417461227132
0.0018121471988217443
-0.0080421000745318
-0.012878709144844092
-0.02133477249984411
-0.027209956973474402
-0.03078014900421357
-0.045127669114437496
-0.06160127565185632
-0.06181091490012442
-0.04977328673363641
-0.0351674293061416
-0.01575602267429603
0.024013700785998713
0.06055783044163804
0.05474405304526248
0.02593391909587878
0.00780235116652661
0.008013356336242351
0.01904094498009021
0.019315346721343118
0.005019226829072747
-0.0035402902286136794
-0.0050424177997381
-0.014591218312849461
-0.03278300556167581
-0.04804153588958604
-0.04254102960783208
-0.015256837773072938
0.006803595342801743
0.01083502341367525
0.010336165145841809
0.019307774765492076
0.030901300297830267
0.03318209217594256
0.026266906989657602
0.017782188978201677
0.01267661215848252
0.010313508666177707
0.01255471851625298
0.01515861020462097
0.015607849891171694
0.012814748388361162
0.01323895607968667
0.02543912889844374
0.038989336904525065
0.04996629737297673
0.05226549949668764
0.037658751250857415
0.022831258221510886
0.01744115402545959
0.008810223031217245
-0.0034279877304621274
-0.0030436590066187804
0.005115167963797143
-0.001981179977967093
-0.018202833396185517
-0.014978694594811283
0.005300666035175447
0.017950583337539974
0.006358542502427481
-0.02291642045437674
-0.036978462982044075
-0.03528353262919093
-0.035373505281068036
-0.037267978941054554
-0.046227829758677313
-0.05474405304526248
-0.05241753249259879
-0.04553447615427786
-0.04665957971190935
-0.04689564657079483
-0.02834572065718638
-0.003710466224622813
0.010568401485884983
0.014811606769031592
0.017156507873349387
0.018823407142581416
0.012645849231966124
0.0011399089583661204
-0.010261366099611306
-0.026147893660045912
-0.04190676695301527
-0.04222835237210076
-0.03163355296954292
-0.02513678515540326
-0.026918035804958294
-0.029784511044662662
-0.030322268379809305
-0.038686458670483335
-0.05280295989238915
-0.05715401358201022
-0.04655743254278156
-0.027639212635367272
-0.006937218093114271
0.015427518566138809
0.03041491348669266
0.020616802615442634
-0.004733630470738102
-0.015423094168406237
-0.01506926112557866
-0.030702350869587162
-0.05721340147103801
-0.07118262072815491
-0.0666055961207831
-0.055120572261698676
-0.05273525769889747
-0.05612422758626834
-0.04732531794791088
-0.023501153609744366
0.00800519050150103
0.037737440203819236
0.052259857647230006
0.04858671671086115
0.03617642954072376
0.022191531880903528
0.0063515347315222
-0.009474565651826623
-0.01731887436195137
-0.017835905323827315
-0.01990631560505866
-0.01731706303133602
-0.0070970309024880555
-0.019658074228922497
-0.056904287508648364
-0.07492762101024739
-0.06537567293901755
-0.05362102806374697
-0.05810243816978404
-0.06361571284767897
-0.04466919461114295
-0.013295938759208835
0.013018419153781971
0.022772286047706293
0.020333017587723337
0.021952851954900838
0.020217953552731992
0.009518928404930382
-0.007949276803981366
-0.033450822373793314
-0.056670299225878865
-0.0701495683985165
-0.08237545617322259
-0.09215070270719693
-0.08914419082516503
-0.07591524160477954
-0.05792130510824927
-0.039925883914493324
-0.03202551303712634
-0.03063138234219896
-0.020826976354711986
-0.005572989200312381
0.0058272287532403514
0.012443158366714276
0.01011212433448447
-0.0016246833883166209
-0.009065828505592856
-0.0031663840792947096
-0.0029918727673865467
-0.016930922976877327
-0.02627931905846441
-0.03139421977676093
-0.030331473502608616
-0.006570111857088984
0.024921088342454323
0.038027550041719996
0.03464778527714843
0.02569170559047894
0.02143923579664399
0.032791022926694564
0.04500740863915622
0.03441765720716575
0.013672695527201139
0.007069326452256592
0.016540744545964742
0.027606133581178794
0.02396562628983072
0.010635509800486387
0.006748127054449786
0.011277789820321942
0.009842325154631217
-0.0019254444441145118
-0.00976161701344245
0.0010760254061389263
0.006952213535093789
-0.005900869735634812
-0.006540625770186686
0.017374372344247838
0.03756016735507128
0.03413289227927749
0.021559318108258185
0.017614091558308512
0.030911990117855268
0.051067348835551966
0.06080488405999365
0.07287369086822125
0.10315171527070485
0.12719163580970935
0.11985693457533206
0.0970902903770834
0.06922757142136005
0.03608705076773694
0.0061647004326407726
-0.00683216091742411
0.0076597905389154
0.029524481172554486
0.03877375886735418
0.03541002883282012
0.0253033384901817
0.021495060412330114
0.028569108201764417
0.03580881850764174
0.038603315625844424
0.048326003878029156
0.06667834628484214
0.08392696477407363
0.09387295148900286
0.09058375325519867
0.07934994016670181
0.07352250355584986
0.0760925144535275
0.08100745614946744
0.07930688394715665
0.07268780677556426
0.07134831293854245
0.06849977284132448
0.04701768868274693
0.01174490526147003
-0.011655199855093551
-0.009866466331521013
0.002601786387701956
0.0069596964091112904
0.009529974552289551
0.01771148769631409
0.01742363459819639
0.004748210197494425
-0.011758505088057392
-0.026929943076708367
-0.03324682497498285
-0.027411905490113405
-0.01460363038165627
-0.008175010170175996
-0.010097247668283007
-0.010522375871888446
-0.01637819989369568
-0.02782206794568384
-0.02997277065288076
-0.02241254390992045
-0.012586758282383474
0.002789368973985135
0.022286552503347993
0.03640655761070645
0.04775261380946584
0.054108899572110264
0.04940359712443841
0.05204427961005913
0.07016500924966372
0.0765132776472894
0.0630936933031247
0.04256151842954666
0.015896237480290645
-0.0038783260929598625
-0.007644349687768173
-0.01228500841823327
-0.022291333228414728
-0.025902651372305647
-0.02608218096083666
-0.029378386965546118
-0.028093886313764034
-0.019216762825556986
-0.016423334689356802
-0.025005359756984757
-0.032090839715056906
-0.03303213775614739
-0.034998173822412396
-0.041607451992315206
-0.05094560366304499
-0.06178092401616538
-0.07522693597094744
-0.0870766014686625
-0.09139231936431204
-0.09089910294593624
-0.09422007370037029
-0.10146450534342533
-0.10512814421754972
-0.10190011550944417
-0.09769278051127035
-0.09963743693748535
-0.10266711009623808
-0.10346736190088757
-0.10590612556381378
-0.10804201099269826
-0.10014757890423408
-0.0809896397827591
-0.06371875083514218
-0.05214672371863206
-0.0418978587696611
-0.031837847307798525
-0.023907812179862164
-0.020064376471706124
-0.014272067797214114
-0.004129002372546166
0.001476789728270714
0.0033742713848364902
0.009352315682262916
0.01573191119135075
0.01762724597572817
0.011034240087418974
0.0032702238032598016
0.010897588554766026
0.025198162538713483
0.030453812554005862
0.032317404511697935
0.036679741900234285
0.04254964085174111
0.05131648103002355
0.05712669515305743
0.0525380899073252
0.035569188375414604
0.010558572790250884
-0.011231081245601585
-0.030953858579619856
-0.050397750386763626
-0.055916369974671074
-0.044850921551567995
-0.031513292494261644
-0.021840371293082205
-0.012888478452589164
-0.001827154518379067
0.01805100825788597
0.04068189174181709
0.04655683866389127
0.03861222380919859
0.03655532427272107
0.04068515807571362
0.040600233394403884
0.03805278989455681
0.03849701130448468
0.04222597685653964
0.05513363759728478
0.07648150512665952
0.09276922757142136
0.10390950473469945
0.1139264599770169
0.1206919282950628
0.12131906440319626
0.10905368368228667
0.08804996896982799
0.07109799298629031
0.05987516665726359
0.04786842019307003
0.03552939848976599
0.02807776250189299
0.021108267091092113
0.009390472400963272
-0.00025203062039558276
0.0010414705629081063
0.013302798060391544
0.021865937779308668
0.011924167604500414
-0.0026889440536391417
-0.0009164471789268016
0.006859895061600088
-0.002932550205036687
-0.026554641311997248
-0.04297426425828981
-0.04618536741802244
-0.04052451383589345
-0.030225763060139146
-0.020355971006832577
-0.01833800023161277
-0.02050503460829233
-0.011263507033010758
0.0031230309203044227
-0.0016303668092965803
-0.021884971597742074
-0.03236461788347503
-0.03265472772137578
-0.0327441064943626
-0.028043347220201388
-0.015109140093060821
0.0023875742719787155
0.016938049523560664
0.02085583886877949
0.016521770115420362
0.01467011512342288
0.01867205710739409
0.02306818620478726
0.02586746404805668
0.03215290005909095
0.03370114232604545
0.019684353369817293
0.001370037028348809
-0.01574450142382464
-0.036159800931795986
-0.053023882839572524
-0.05544067298355846
-0.05183850057457783
-0.06154188776282853
-0.0769753154239256
-0.07258803512199757
-0.04275363825055157
-0.013943652770890434
-0.010211866294106644
-0.017190715297429396
-0.017136048745579315
-0.01749683017142314
-0.018083820066573827
-0.014894066852946678
-0.007711309532647008
0.0055240535797534815
0.013245785686924867
0.015241396921925712
0.022846342745323947
0.0368178187422239
0.04947100237848496
0.05610017549121209
0.05735474464692416
0.04815734227319023
0.0339645276138837
0.021618616915452433
0.012369250138819192
0.014321923930052945
0.02680006176340459
0.03943266749611752
0.04496821263239788
0.04599532617313352
0.04591040149182377
0.04401444313461156
0.04263426859360571
0.041556675347196446
0.040678922347365705
0.042430568134240385
0.04771074534770124
0.0517155676442903
0.04466474051946587
0.030765302031956623
0.027345123808901653
0.03834289973245756
0.04838034379648958
0.049149120019954334
0.04333207628968225
0.029135609275200508
0.013737339244407887
0.0037578577600669897
-0.0041704551190875645
-0.00947988086789461
-0.013302055711778699
-0.014721426259542892
-0.017494781289251683
-0.024780368739402977
-0.02765604910190665
-0.026055901819941857
-0.019675653044074724
-0.003661827543509052
0.018963087457574777
0.040724354082471964
0.050317873676021245
0.04002090453693778
0.01592866326769982
-0.003040808387945447
-0.0031757970597056148
0.015614798274187944
0.04033981750101702
0.05010585891219204
0.041719398163132596
0.028353055061481315
0.012955943094524733
-0.007673271589724708
-0.02899022772286048
-0.045909510673488356
-0.05204517042839454
-0.042829357809062
-0.02584926166006966
-0.01212858071853407
-0.004908319946313348
0.0008105763891569592
0.002198450569975265
-0.008186501726702874
-0.01590642250325891
-0.008532733119734893
-0.0031393625897870652
-0.0137484744736006
-0.03528353262919093
-0.056722263628778184
-0.0669776612455422
-0.06583533520009266
-0.06664687070365741
-0.07317181807114076
-0.06919550196128504
-0.04777013323672904
-0.027714130457375828
-0.024501839539862638
-0.033110529769664075
-0.040950325000222706
-0.035312929634259686
-0.01725607166930448
0.0014991700542508367
0.012480721206524355
0.015766564024598462
0.014515379978560972
0.002243644753525414
-0.01680769310714466
-0.033705596417722535
-0.04657940606172183
-0.05317710359326423
-0.06129127087113125
-0.07817346608506127
-0.09710543428878549
-0.09941770174808251
-0.08525873818552182
-0.0757213401471038
-0.07611448797246778
-0.07176313734340156
-0.04931481223034187
-0.02629912491945518
-0.02019886034640956
-0.016794716853392087
-0.00633567816515178
0.0033657789167055164
0.004477995302417978
-0.0026473962864752994
-0.011402920102503497
-0.011256677425772563
-0.00747752910748911
-0.012034243056813424
-0.017256487384527675
-0.02059283960221992
-0.017744269811057433
-0.006089010568074853
-0.0034413203115488664
-0.0074804985019405
-0.0052782768010119704
-0.001106393403193287
0.0013977266316080163
0.0013894034189607714
0.0011227131950981236
0.0052007459118861895
0.01279725865504248
0.020050063990450426
0.020047807250667373
0.007197812150168216
-0.010727293782978837
-0.01612580136532757
-0.007632858131241296
0.004208285204398267
0.019412297450180985
0.03365571059093919
0.036025881242038316
0.025518886833408062
0.010480715267735452
-0.002466732389263858
-0.009716690075392925
-0.011221608877301652
-0.014074246738862544
-0.01522848005606217
-0.008735661536542852
-0.0012417888819932952
0.0017286567350320251
0.0011489953053873724
0.0031699176586918627
0.013520068652399716
0.02972066906395779
0.046049072212703664
0.056776306607793474
0.05713946354919842
0.05157867856008124
0.050664698947943544
0.05698297646161019
0.060200612289135876
0.05606394887890513
0.05014178858505385
0.03875416086397501
0.01966092484759583
-0.001016777078650351
-0.015053760886542408
-0.013071957335740523
0.000378689843780158
0.011040208570266266
0.019036579970246666
0.027840982988339192
0.025402842898247763
0.007224239760785583
-0.008996522839097423
-0.01003506854847091
-0.003825886586948324
-0.00404921474363733
-0.0038745846559511124
0.005266696162651551
0.009953825916280893
0.011325864316489938
0.019127799767793354
0.029841226478684205
0.04195279256701181
0.04991314521229686
0.051094073385614475
0.05037666768615876
0.05039329629508655
0.04886999694152372
0.04373680475340664
0.042176387969201444
0.048240782257274274
0.05946063919184961
0.07085509652016664
0.07414904578509304
0.0694918475275337
0.06684017828244286
0.06410595987160339
0.044367504134881774
0.014934391229596548
0.00011311611223123268
-0.0061072723439508985
-0.01497792255225392
-0.01717892680145738
-0.013594659841018621
-0.011144345233676497
-0.009855212326550247
-0.015662783688522402
-0.029731061944537653
-0.045570108887694534
-0.05957496087822811
-0.069154821257301
-0.07325852438912134
-0.06909988745995028
-0.06289296223821077
-0.06639655075140527
-0.07381914606154368
-0.07440649228402853
-0.06685205586024842
-0.05909718531099953
-0.05735860485971096
-0.05099994358150543
-0.03242222413583198
-0.015916993547505857
-0.011378066270945366
-0.007850158417193982
0.0016172450552158898
0.010167711398614481
0.014053045262479623
0.019474446876048566
0.030094515825387733
0.03720443389979482
0.03187555861733117
0.017403472409871456
-0.0008389370755621806
-0.021212581918169427
-0.03602439654481262
-0.04057380578378652
-0.03882988042248545
-0.03229335241664168
-0.02471403246735893
-0.023212766020625417
-0.027907527117994827
-0.030189239508387058
-0.02486725322105063
-0.01804248609581048
-0.016732804979080616
-0.02172204092419433
-0.026702932870899636
-0.025363468727822337
-0.019906731320281857
-0.0144273968209663
-0.010142382463944128
-0.009941473235363112
-0.016030394721604425
-0.021250055676145962
-0.020988719270479173
-0.021202099955756025
-0.020452535714391765
-0.01556574387785099
-0.013321534939379811
-0.01402017406590274
-0.011243938723576102
-0.008243098384946359
-0.011075128649014606
-0.013269095433368275
-0.009471269623985581
-0.005940362681838293
-0.000959025325965276
0.005773660877337285
0.003902704821405771
-0.001228500841823327
-0.0022341694158310296
-0.0033460027496592624
-0.00011120619772009894
0.007169305963434878
0.011672541118689666
0.01671163319664221
0.020041838767820078
0.01787201316035621
0.015226906277002931
0.015468050800400274
0.023054972399478575
0.03537588079662915
0.03931715805195847
0.033724897481656566
0.024918653439004183
0.016206539200460852
0.017570174214372465
0.026551731305434884
0.026178151789505565
0.020576953341904985
0.021208365378048454
0.02183654077423991
0.01900296642505694
0.013196404657198258
-0.0013591185649510496
-0.01765970145708186
-0.029444129358699882
-0.043975247127853216
-0.05415373742832625
-0.05294489694716557
-0.050417051450697664
-0.04842132143991876
-0.03488444601492418
-0.009645632466171174
0.004266752581146127
-0.004089806365787825
-0.01920147044413233
-0.030876951263328872
-0.03836487325139785
-0.041737511469286066
-0.041616657115114516
-0.03706873257336631
-0.03736299956349902
-0.04624534918594051
-0.0528284966846711
-0.05625755339713572
-0.05740195801870125
-0.051819793389534075
-0.0386671576065493
-0.023965685677719745
-0.014387428771650597
-0.007583209856014063
-0.0025408276890093806
0.0040397720692819114
0.016184268742075427
0.027226080785345448
0.03479120702915055
0.043000691868907176
0.052379524243621
0.060104700848355994
0.0618023036562154
0.05253719908898979
0.03239253019131808
0.01255905383215201
0.005459914659603467
0.008888674432622956
0.014850268284788682
0.022608019146655424
0.02920969566676268
0.031910003592967286
0.032146664330743036
0.029854885693160593
0.02782560152508099
0.03153675071042762
0.042486392749926515
0.05062490906229492
0.04635670147786762
0.036691619478039846
0.029755707918484184
0.024592168519073906
0.01646891489418563
0.004009840573211905
-0.006144063141203616
-0.009315703048677284
-0.0030070463730331475
0.011054669521244533
0.023726114933381635
0.030243876366292624
0.031725010318645726
0.03267402878530982
0.03278270862223067
0.030712743750167026
0.036040728214295256
0.047952454056044355
0.05232043329403835
0.04721455953487405
0.03693273430749268
0.02523023199878849
0.019827270324762673
0.017989601180631233
0.012596230650683406
0.009843483218467258
0.015944727691681836
0.023837793858698397
0.0249889983935576
0.02285266755550541
0.022307308570563206
0.02037117430642369
0.022161570690889008
0.03930260801914666
0.059669684561227426
0.05959426194216214
0.039112269834812585
0.01755108100805003
0.005866751393388347
-0.004111304781615885
-0.016107628671285065
-0.024556654561435288
-0.028883448298388507
-0.03423414863006987
-0.04034753792659063
-0.038869967247579205
-0.0317484685348117
-0.029045755399101467
-0.03216834091023818
-0.03077213163919482
-0.01941399000501828
-0.007618634731819141
-0.003651998847874953
-0.005532219414494803
-0.005653608259667606
-0.0017840864212561134
0.001537317864767838
0.0065031817061546645
0.015335972135202467
0.020011996353583614
0.016570676042034747
0.011749359353147113
0.010448467643993362
0.01025795129599221
0.009521333614436009
0.008649133382229363
0.004443461244948318
-0.005471821931353539
-0.015605949478722805
-0.017618991059153308
-0.01184470660898123
-0.007071701967817704
-0.006368816607229288
-0.006095483847978883
-0.008377552565705276
-0.012288215364240771
-0.01010808595803058
-0.004557248440325564
-0.00264276106173668
-0.0018905213959717194
0.0040100781247680165
0.016043875772413733
0.024944101149452596
0.022933138145138064
0.017173463115666823
0.011742678215631488
0.0029817471323073086
-0.0022673197354863422
-0.0012658231606828422
-0.004721634117154489
-0.012440753157208653
-0.011654843527759385
0.0005836344794206118
0.012537199088989783
0.015189877928194106
0.013225059313654168
0.012736267293010937
0.015434259091543463
0.019231015918923657
0.015303872981182947
0.006019972147080046
0.006476516543981186
0.016693371420766163
0.025192401913477786
0.02492533457651981
0.017986126989123108
0.014828235377959374
0.014970083350902252
0.01118484777399345
0.005200567748219106
0.001139623896498787
-0.0011237346667894016
-0.0074163595817904856
-0.017428029301984446
-0.027367958452232836
-0.0402664734580677
-0.0531753219565934
-0.06216189732427866
-0.06758460547140623
-0.065015485392064
-0.05288105496646069
-0.03686859538734266
-0.02545596536498312
-0.022752836514049694
-0.025601049977878012
-0.02865706166541457
-0.02579985093639854
-0.018533386386514198
-0.013489424501661377
-0.011952198688121533
-0.01872342763140313
-0.03434995501367406
-0.04625188185373357
-0.04998678619469132
-0.05194094468315077
-0.0523162761418064
-0.04750199691776856
-0.043490938892831586
-0.04584180847999668
-0.045987011868669624
-0.04170752058532704
-0.040093951640441966
-0.03856708901353747
-0.0312941511837491
-0.020172403041847677
-0.010116370568549957
0.0024008890366987463
0.021696622907690435
0.04003486069085931
0.047686990192090134
0.04390130920601362
0.03513951699829854
0.029044805192877016
0.026056555086721164
0.020631708975588612
0.016884273790046
0.01880416546653641
0.017721346085892705
0.010360959589510912
-0.0027499710484040992
-0.019500280607775658
-0.02850547407867114
-0.02474363733003929
-0.01505064302236845
-0.004983505013822532
0.009799862813976346
0.03168640819077766
0.04923048142792241
0.05461072723439509
0.05421401613568945
0.054539164828116604
0.05819805267111878
0.06490977494959453
0.06619255335259482
0.05767157903488741
0.04468908955396726
0.03587355130668203
0.03499965851963809
0.032685609423670235
0.028534930471628923
0.030688394715665635
0.03116587334344907
0.026094771193310547
0.0252251246403321
0.026924241839361703
0.02262256917946723
0.017004801510827897
0.01908599069391779
0.028567742280316773
0.03866478209098819
0.039306765171378606
0.02850054488388183
0.016590006799913293
0.008893692709245804
0.005172566358542503
0.005256006342626548
0.004217638796920145
0.004088737383785325
0.013895251641332783
0.02946117368285086
0.04086450950057755
0.04867668936273826
0.052918766275993345
0.049438042100074533
0.042334953632905646
0.03652444257042661
0.028720280073284653
0.01742933583554306
0.004954108008753775
-0.007595176515653164
-0.016371726613791653
-0.02069231431634147
-0.024018926920233157
-0.023121724386745812
-0.016691411620428247
-0.008334912061383322
-0.00033772704732323936
0.005374010078124768
0.00621660544765106
-0.0007658187065911648
-0.012542573692946797
-0.02312888062737366
-0.026341616954054563
-0.01949549988270892
-0.011041901125103558
-0.0036249179704782807
0.005972105508523648
0.009942304665809502
0.005686063741021294
-0.0013762044606243449
-0.009652016664241661
-0.015110654484231031
-0.013444200624166713
-0.007774260695016466
-0.008278226321306297
-0.016902030768865307
-0.02426874207542856
-0.028017275936918187
-0.032633645020770916
-0.04078344503205462
-0.050778723694876904
-0.05654944487170732
-0.05749579088336516
-0.058436495045565355
-0.05574978694594812
-0.0443844296832547
-0.028697504817842497
-0.014915505880885712
-0.008779816432035016
-0.007236443971980794
0.0005595140882919746
0.008287372056216576
0.004577380934705986
-0.003761391339464143
-0.005700079282831852
-0.003021358854288845
-0.006451633018478542
-0.016330184785416712
-0.02199920420228703
-0.01971689793300452
-0.017257348508918576
-0.02338279354691198
-0.03552850767143057
-0.041429882204122116
-0.040108798612698913
-0.046052932425490474
-0.06016497955571921
-0.06543387307026478
-0.05937779308665584
-0.05188482312801951
-0.044977120815752045
-0.04122410316864082
-0.03712930822017466
-0.028868215304852885
-0.02710893817423813
-0.03317407481092381
-0.036617681556200245
-0.034516538042397016
-0.028696970326841247
-0.02128369891528021
-0.014440670014164013
-0.008485460360068772
-0.004766264115758873
-0.0018673690274342357
0.002167144244274265
0.0036021427150361228
0.002640822047159923
0.0018159836564529397
-0.0033047578607294614
-0.013024061003239612
-0.01871894384578153
-0.01821566118021552
-0.014519774682349029
-0.012099747898411077
-0.01692753786720274
-0.024847239502448267
-0.02942010695758814
-0.029325294192755275
-0.022468813934774283
-0.012104083214310106
-0.0047506154070000505
-0.0004312124928363359
0.004588872491232863
0.011682577671935363
0.01888816963556622
0.022156760271877757
0.019553313992677474
0.01707128625259451
0.021571047216341174
0.028962909293907695
0.03173391850199989
0.03132354818881786
0.031164685585668518
0.030391158331081546
0.030098376038174536
0.030342163322633616
0.02749825548075981
0.02159542594478708
0.015678877806448933
0.01107058547550398
0.010495710709714967
0.01576454483637152
0.020759868040110582
0.02208496031404316
0.024677597997440383
0.02835082801564277
0.02905038765444563
0.02664354498187185
0.020259435993217903
0.01235864940062773
0.010253408122481582
0.012953894212353276
0.01524305978281849
0.017000674052540465
0.019214713943385527
0.022097431770738994
0.023996418910291625
0.024487259813106316
0.023383921916803507
0.016790708170882712
0.008056917352844235
0.004973409072687807
0.0037230564570967044
0.002273944454507392
0.009051634800115213
0.024269543811930434
0.03957163515644255
0.047979178606106856
0.04603392830100158
0.035713204006306995
0.023109401399772547
0.012982905196143353
0.0074638995869572315
0.009463935219690649
0.01577553159584166
0.0184585873402837
0.016901407196030515
0.013268976657590218
0.007333780722097343
0.0013135086661777064
-0.002802544177165951
-0.004791979071707907
-3.651256499262105e-05
0.011935896712583402
0.018254055450471984
0.01187068881043089
0.00501391161300476
0.005936175835661834
0.005296004085886766
-0.003709575406287396
-0.017107334701234378
-0.025007378945211708
-0.01874899411762959
-0.005886052457322379
0.0029709385365042505
0.008181008346967803
0.010673339885797089
0.011226953787314153
0.010053419406180498
0.009890429344743728
0.012675424400701966
0.01340063960756483
0.011390715891308287
0.010445201310096833
0.009974285044050967
0.006412140072275061
0.003669191641748498
0.006308923921144761
0.011219619383019222
0.014167099703357494
0.012455718905243654
0.009523798211830662
0.006519097660414112
0.0019453661114888841
-0.0022101648310859966
-0.008537068435633921
-0.015563635607790503
-0.01643340093654701
-0.014054143938426638
-0.013061712924883229
-0.01099724143255466
-0.008496773752928566
-0.00822406456651295
-0.009170202720559196
-0.008238555211435733
-0.0054890147252270845
-0.006202886845285641
-0.009762210892332727
-0.011472968117611776
-0.011053689621075575
-0.010201829740860946
-0.010071295160777864
-0.010062713610813347
-0.010000089081833542
-0.007455704058271397
-0.00019162808928375238
0.007414340393563541
0.009173676912067323
0.004176928398991593
0.00035117840418803396
0.00306248496744059
0.0075847836350733
0.008496387731649886
0.005862950568490568
0.003148003527640608
-5.791091222766941e-05
-0.00404921474363733
-0.008493744970588149
-0.013889906731320283
-0.014132149930664641
-0.010485406910968647
-0.01126953490374708
-0.01433347487446885
-0.014713765221858308
-0.009960239808295895
-0.003163117745398181
-0.002989289394213838
-0.0062274140434541185
-0.0035049841285866574
0.002275022344693247
0.0044855078703799935
0.0011723971030587733
-0.0066501073436094175
-0.013138471771451648
-0.013635904729948422
-0.013407291051135943
-0.020928767196505618
-0.031118659971671975
-0.03196493739031799
-0.02299151644005238
-0.012415542998316353
-0.009522699535883647
-0.012513592403101235
-0.011855099489561094
-0.008536801190133296
-0.0049876027781654494
-0.0038625586084229846
-0.010907892353512348
-0.018204199317633157
-0.01861917219221484
-0.017832045111040508
-0.016805822388640285
-0.014793344993155546
-0.013249764675489727
-0.011874816268718322
-0.01321852664586111
-0.019748848617301477
-0.02506139223028248
-0.021900976633835063
-0.016227146797953493
-0.01646701448173674
-0.02003079262046091
-0.01978647084500058
-0.014250450605607997
-0.00798514708895415
-0.007189468151759812
-0.01270191139920836
-0.016985322283226783
-0.01269496301619211
-0.0012047991353123359
0.007382478791100132
0.009218663238005874
0.01147032535655004
0.014853415842907157
0.012497527979119218
0.004887860818543275
-0.0028046376002541806
-0.00733885838660922
-0.009346287811526596
-0.013411774836757541
-0.015544126686244874
-0.012618530803013341
-0.007329653263809912
-0.0005707799708405465
0.0034754386537953316
0.007998865691319568
0.016801011969629034
0.02261440334472591
0.023781612915678103
0.02569051783269838
0.026834269187484598
0.025411632305823877
0.024599235677868213
0.024248847132604247
0.023612654371394044
0.02358679094572244
0.023407320745080458
0.020951007960946524
0.017707389931971174
0.017004296713771162
0.01644824790880396
0.013946354919841197
0.010452060611279543
0.004832333142302291
-0.0025123096246982353
-0.008422954606867022
-0.012837107928580125
-0.016680721800403243
-0.017772865079624313
-0.015652212644275455
-0.013790758650588385
-0.014502670970309026
-0.013793787432928802
-0.008448580480982513
-0.0023279072598724943
0.0033879305993128822
0.009247703915740464
0.014527287250311046
0.020903943058892
0.027516665726358427
0.031964046571982575
0.032066787620000654
0.028728891317193684
0.02531521606798726
0.0209528786794509
0.016685235279969356
0.015491746568122364
0.016661509818302753
0.01705444978605513
0.013276875246830914
0.007561325418907324
0.0053339529469755235
0.006965249176735389
0.008398189857142434
0.007643310399710188
0.006204816951679045
0.0022508871065923526
-0.005847925432566537
-0.014438710213826094
-0.02187238136526818
-0.02713524700907744
-0.029114675044318212
-0.03077421021531079
-0.032116970386229134
-0.030694333504568412
-0.028422212258254177
-0.02956637932826359
-0.03437014689594351
-0.03449901861513382
-0.02642089978590666
-0.0179183654077424
-0.012622569179467233
-0.009469874008593428
-0.006702932870899638
-0.001377546626916373
0.0050462186246358785
0.008982329133619781
0.009852005380542745
0.009049645305832781
0.007575489430440451
0.007007949068946371
0.006512951013899736
0.0037239175814876074
-0.00044385320501590114
-0.006224652506614326
-0.012733535450115659
-0.018635860189031652
-0.02533056783730094
-0.030812515403733722
-0.031822703396096434
-0.028267061398169074
-0.021354786218446473
-0.013448476552176715
-0.008081830572291393
-0.006417069267064368
-0.005229935059343349
-0.0025568891435969465
-0.0010775457360980376
-2.4297693671329607e-05
0.003155397319824568
0.00623237293218794
0.008365704681844232
0.009668407721613332
0.006339419602160531
-0.00273435203358979
-0.012256828864889583
-0.019931525763950957
-0.02750861866739516
-0.03272302379375774
-0.033686295353788503
-0.03252763763885631
-0.030240610032396094
-0.027326297848079842
-0.024491298189560206
-0.021217184479569082
-0.018531070258842115
-0.016927270621702118
-0.01429481335871176
-0.01325154631216056
-0.014209472962178823
-0.010811446421731217
-0.004264228595862446
0.001713851334297397
0.006826192434576816
0.012553204125082772
0.017700590018677492
0.01684991789624342
0.012603149339755145
0.00966564618477354
0.009926062078160401
0.014720030644150738
0.022356422354789192
0.029519611365654206
0.03138145138061995
0.025757418289688184
0.01722245812411475
0.012746630479646286
0.014379916203688583
0.020923778613827285
0.028146385207664604
0.029455591221282246
0.025641107109027256
0.022788528635355392
0.019973809940938746
0.013813771457586653
0.010175045802909413
0.013360671558249129
0.0179747839023188
0.02094334692326194
0.024934123984095925
0.030247736579079428
0.03253921827721673
0.029982272715125203
0.026411189866050618
0.026046637309253527
0.029692133183279935
0.0342160353239164
0.034678073100552605
0.029310358138664786
0.02097108106743792
0.013007640251923427
0.007712556678316591
0.006004590683821848
0.0069098699702169735
0.009302043834200892
0.012982519174864671
0.01608731801323756
0.017435720033613544
0.02016542496488691
0.024706401123618865
0.026866813750671823
0.02381828493715277
0.01880455148781509
0.01660232978688656
0.015450501679192563
0.01280168305277505
0.009023484940716042
0.004083065840383171
-0.00025040547081233724
-0.002180559968405643
-0.0026055990901775405
-0.0011428278731118362
0.0009579771297239354
-0.000507306195047644
-0.004132268706442696
-0.005236675584748002
-0.003563540587168059
-0.001619653234115967
-0.0016746553275390553
-0.004179006975107567
-0.007427405729149655
-0.009649819312347633
-0.011196398718409354
-0.01457809358937432
-0.020919591767650823
-0.027851910359920302
-0.03157891611163736
-0.029406655600723346
-0.023208401010781875
-0.018988208534633535
-0.018266259661667197
-0.01654896976859509
-0.013555790467649934
-0.014725939739109005
-0.02096552829981382
-0.026830735608087446
-0.029222493756848166
-0.03016845374722733
-0.032360163791797944
-0.03672220424088916
-0.04059251296883027
-0.03897033278003617
-0.033710941327735035
-0.03100790155863515
-0.02922246406290365
-0.025325787112234203
-0.022942076022436746
-0.024243324058924667
-0.026449910769696737
-0.02511115928128777
-0.019572436892944422
-0.016615692061917813
-0.017940338926682682
-0.019388215661180215
-0.02232343238243425
-0.0263376379654897
-0.029168807105167043
-0.03050251062300865
-0.028774679379634113
-0.02467376747859809
-0.021022124958057303
-0.0187690969180655
-0.01692545929108677
-0.014280619653234117
-0.009841523418129342
-0.006443585959515276
-0.006358690972150049
-0.00527895976173579
-0.002175877233355802
-0.0010127060388574957
-0.0012884915179247496
0.0001202055414839252
0.00487562691340355
0.013171194498305961
0.01977765174347995
0.0211236188604058
0.02115542107498018
0.01978531278116454
0.014709548681737334
0.009020426464431108
0.006245913370886275
0.007516546950580369
0.01040995459795884
0.01284263100225971
0.01740748109238083
0.025303991756961006
0.03369045250602045
0.03926133343627234
0.040906377962342144
0.03901843697014868
0.0350263830697006
0.031278413393156734
0.027412677532670765
0.021426526788392044
0.015538544224676263
0.015248671938331616
0.019369538170080976
0.021781310037444063
0.02186192909679929
0.02308870472044636
0.027379687560315828
0.03168551737244224
0.03200858748875342
0.0306019853371302
0.03198423845425202
0.03349625410889957
0.029544762136657472
0.02367103266630836
0.0213527076423305
0.020611012296262426
0.020341064646686603
0.020811654279342815
0.01932018683429888
0.016374369374853388
0.013172144704530406
0.008322886013855195
0.0038462566328848562
0.0028477472688994534
0.006252446038679332
0.012482710700806785
0.01726643485593983
0.018803452811868078
0.018796949838019533
0.017781060608310147
0.016857578933928006
0.01853196107717753
0.021090421030439264
0.02280183152249762
0.024865620054102366
0.027973180429315053
0.03256683364561465
0.035312335755369406
0.033829717105790615
0.03155456707713596
0.030019984024657855
0.028333664915713742
0.025395627269730884
0.019691034507332922
0.012484581419311162
0.00648500901211216
0.0018960979187514293
-0.003465639652105746
-0.00853887976624927
-0.0103998289628796
-0.010263028960504085
-0.009805860990768153
-0.009835168914003368
-0.009272231113908942
-0.007660918908806927
-0.007867469986845583
-0.010405619282059811
-0.01320130415804305
-0.013222505634425973
-0.010899013864102695
-0.00926323384872123
-0.009947590187932976
-0.014026617651862255
-0.018256015250809905
-0.01891813082558074
-0.01723555315364538
-0.017087142818964927
-0.019844522506525245
-0.02311545896445338
-0.024988552984389897
-0.025062787845674634
-0.02453569063660848
-0.023420000059387887
-0.0206671635453382
-0.0169971107791988
-0.012423560363335107
-0.0068609937375471025
-0.002480421297684763
-0.0016578960652554125
-0.004133129830833598
-0.006263610961816557
-0.004889493985491539
-0.0018426072471040983
0.00018649875730842208
0.001223141084838569
0.0011669452948460221
-0.0006596390997983782
-0.0041857771944567345
-0.008678708550965203
-0.012562438941826595
-0.015368754249945809
-0.01850975000668114
-0.021115156086219337
-0.023528234487141038
-0.02841060192594924
-0.03195305981251243
-0.029789855954675162
-0.025462557420665204
-0.022487758671374147
-0.020154319429638714
-0.01613280913623285
-0.010501827662284831
-0.008716627718109446
-0.012868227182430686
-0.01865688350174749
-0.02221196131472909
-0.021639759003946327
-0.019696498193123475
-0.018501792029551413
-0.01561506551968857
-0.014293566213042175
-0.01807434769827389
-0.023442211129884285
-0.028258717399760668
-0.030273273371361382
-0.028621785259332067
-0.029150812574791626
-0.032763704497741776
-0.03360226149081418
-0.03197740884701383
-0.03334926908355579
-0.03707021727059201
-0.03735706077459624
-0.0327158972470744
-0.026104213867665968
-0.022245040368917567
-0.02234980060516259
-0.021476472003064417
-0.019228788873085115
-0.017917949692519204
-0.012329816580504738
-0.000583818581876598
0.008726159474298407
0.011656298531040566
0.012083713168373573
0.012197084648527628
0.012519946907227209
0.012554510658641384
0.011083710198979123
0.009504675311563713
0.00996493145152909
0.01125041200348013
0.010265315394231655
0.004949446059465094
-0.0025548699553700014
-0.0062134281955880735
-0.004377659463905526
-0.0020254239552927973
-0.0019427946158939809
-0.002152971324557783
-0.0024049600764916015
-0.0033150022715867557
-0.003917165772384038
-0.003851156133729649
-0.0028273029881016364
-0.000567056350198504
0.0038175425885399196
0.010441430179143568
0.01574168049909582
0.017936241162339765
0.01873548337287577
0.016988826168679423
0.012679730022656481
0.010040502540316954
0.009653560749356385
0.010829292482384067
0.014939023484940717
0.020225228569137894
0.024435948676986303
0.025637187508351426
0.022813768488192204
0.01826346843088289
0.012268409503250003
0.005798039605783193
0.0023063910276777256
0.002596358334644816
0.00595482363281656
0.009529054040009621
0.010398136408042309
0.011145681461179623
0.014615092244238632
0.018552242041280524
0.021719843572300303
0.02543636736160395
0.027769301806282648
0.025240060694422587
0.02051958464110414
0.01840243609120792
0.016493501480243138
0.013117864173959005
0.010632599793924025
0.009212635367269554
0.009096621126053764
0.008883567074166565
0.006247784089390651
0.0037516814196080993
0.00318384411866888
0.0018200190635123778
0.00045212890735192373
0.001832238121679846
0.003369520353714267
0.0017803865557696821
-0.0030640587464998265
-0.008798315759467172
-0.011309206013617644
-0.009181041010306768
-0.004812942996534717
-0.0013613693659452028
0.0011733443398887664
0.0052942521431604455
0.009369835109526116
0.010701756990696887
0.011947447656999309
0.014370414141444136
0.014604283648435575
0.011134041434930176
0.006264531474096488
0.0025700910713278243
1.946530114113829e-05
-0.0022313009807909874
-0.005456410774150828
-0.009126077519011549
-0.009837574123508993
-0.008928018909103866
-0.011122638960236839
-0.01636807425861644
-0.021550261455181446
-0.025625547482101975
-0.028021551864928187
-0.027157576855351893
-0.022342911610035366
-0.014643835982528082
-0.006277240482348435
4.940181548776758e-05
0.0011413550534639472
-0.0012309802861902373
-0.002326538369030404
-0.002372489748165657
-0.0022910214419973336
-0.0013575922962030353
0.0009429312080387447
0.004607312430775992
0.008623923223337066
0.01085818469039609
0.008517411044365724
0.0031670076521295018
-0.0016495817607915218
-0.006773366907286598
-0.012470565877500601
-0.017222190878614124
-0.02040547081233724
-0.021049443387010088
-0.020255427310708528
-0.018840392078843363
-0.015147890690651457
-0.011000478072506674
-0.010574815377899985
-0.012988101636433285
-0.014980535619371143
-0.016081854327447003
-0.0165927980306976
-0.019878878400327822
-0.026853748415085713
-0.030395315483313493
-0.028137625494033005
-0.02403766379922143
-0.021228794811874015
-0.021148888407187122
-0.021398852032105096
-0.018467406441804324
-0.010679635002034036
-0.0014539075746283063
0.0027550546517048783
0.0029406804070445914
0.0042948727466007855
0.007154577766955985
0.009007034495455342
0.009302459549424087
0.010480388634345798
0.01287832312356541
0.011104139632804683
0.0033890886631489244
-0.004929432340862728
-0.011186956044053937
-0.016042509850966093
-0.018669503428165896
-0.01748210197494425
-0.011447668876885937
-0.0025372822320344213
0.0035795159293165344
0.00489644236850779
0.005754953692293531
0.008062915529636042
0.008078267298949726
0.004989621966392394
0.0022837078234635615
0.0012645611680410015
0.0024170306649364997
0.003233759639396738
-0.002040229356027425
-0.010552099510346856
-0.014282193432293354
-0.013885808966977366
-0.014305859506070927
-0.016083457800450753
-0.016852709127027726
-0.014394198990999767
-0.008535969759686906
-0.0010043264077156746
0.005762080238976865
0.010439292215138568
0.014411896581930048
0.019365262242070976
0.02382888567534423
0.024699601210325182
0.02361829622085168
0.022627528068201053
0.019596102966721998
0.016086931991958882
0.014049838316472123
0.011537285201428873
0.008535583738408228
0.0065015782331509136
0.00481487310292812
0.0036909573030771835
0.0051798413749484075
0.008983546585344851
0.012902078279176528
0.014502492806641943
0.01379833060643943
0.013093812078902749
0.013123981126528867
0.012890319477149026
0.01064415073833993
0.006573140639429401
0.0032429944561405593
0.0009096146022941542
-0.002881672600506579
-0.006304380747634135
-0.004357467581636077
0.0006144924265594517
0.002136140796807307
0.0009057306343517367
0.0007219518423607874
0.002304083808188996
0.0055392271854000814
0.007923502460143304
0.007887305541780866
0.008100448675501606
0.007863639468003291
0.0060490425187591495
0.0051138911241830455
0.005122977471204298
0.005263192277198911
0.006102491618884162
0.008564980743476983
0.013008085661091136
0.018656556868357835
0.024817278312433744
0.03168254797799085
0.03780989342843314
0.04028518064311146
0.041089292660547734
0.04226784531830424
0.04140583010906586
0.0386564677865243
0.03607784564493763
0.03489127562216238
0.03465491182383177
0.03251041515103825
0.028320510498294083
0.025067390407074286
0.022838919259195473
0.019533894152965386
0.01586283179271251
0.012627023271144316
0.008919704604639976
0.005709343793520188
0.003948700741457795
0.003931121926305569
0.004895848489617513
0.0037087736697855207
6.711158093529987e-05
-0.003321089530212104
-0.004099397509865813
-0.0023574171019304035
-0.001235514551517509
-0.0010911990117855265
0.00120925322698942
0.006634814962184763
0.011659891498326747
0.014475501011078811
0.017614626049309766
0.02072889725598259
0.02211973192306893
0.02195166419712028
0.021066517405105577
0.020553910840962204
0.020937734767748812
0.020742348612847385
0.017152796130285152
0.012063729143715722
0.008479551265110507
0.0056881720110817805
0.003812732169528668
0.003586137678943133
0.0044761839718026305
0.004771609025771374
0.0021708411403662453
-0.002402480632124691
-0.003840852334983327
-0.0010105591666691412
-7.854998530149747e-05
-0.00365342415721162
-0.006220435966493354
-0.0058092639168094455
-0.006086100561512491
-0.006999100273481229
-0.00781378333516446
-0.009680374381252431
-0.012342198955367032
-0.01566002215168261
-0.01803378577006791
-0.017235226520255727
-0.01592204151807322
-0.01704010761085492
-0.019484720980850377
-0.023062633437163162
-0.027345628605958384
-0.03116735804067477
-0.03349566023000929
-0.032677592058651485
-0.03139659529232204
-0.0314634066674783
-0.029904474580498802
-0.026750086854787705
-0.024893710525612515
-0.024072494796136226
-0.022434517428860736
-0.020744872598131067
-0.019972295549768537
-0.01995967562335013
-0.019034263842574586
-0.014807152677354508
-0.009970899934376384
-0.010218428655844214
-0.015198103150824455
-0.02013881919060246
-0.021699651690030852
-0.020066633211489184
-0.018661664226814225
-0.017492643325246682
-0.016399223206411517
-0.01906279972325244
-0.023857362168133056
-0.026786075915538544
-0.02804260487158854
-0.028276652542247063
-0.028359854974774997
-0.028157847070246968
-0.02678613530342757
-0.027188696109202454
-0.029629657124022702
-0.03250507024102575
-0.03695322312920726
-0.03857480943911108
-0.03385584777696284
-0.026177736074282372
-0.02112828080969448
-0.019237400116994145
-0.016391740332394017
-0.013462759339487899
-0.010700183211637652
-0.008708699434924236
-0.009784926759885857
-0.012078249482583018
-0.011499187870617546
-0.008310592720826442
-0.009865783370797195
-0.015139932713521731
-0.017148193568885497
-0.016187059972859737
-0.014110889066392693
-0.012648373217249806
-0.01163964022816827
-0.009813165701118572
-0.008651568285679501
-0.010060724116530917
-0.013827133732617907
-0.016352484937746645
-0.016372825289738664
-0.014977803776475866
-0.011100902992852667
-0.005972491529802327
-0.0023182507891165755
0.001939029423729619
0.0066069026543417
0.006857816485484116
0.004408214532810324
0.0021033230493305503
-0.00023265532160026607
-0.0013644694137524536
-0.0010944208047652842
-0.0004913427304769739
-0.0006790797252716254
-0.001233281566890064
-0.0025353402480632124
-0.004066377843566362
-0.0027865925901730862
0.0013251694781883131
0.005985259925943303
0.009147605628784123
0.011189984826394354
0.013508844341373463
0.016328551618468447
0.019848798434535245
0.023187169840454436
0.02511923603419555
0.024865263726768203
0.023181498297052284
0.02144401652171073
0.018843064533849613
0.01602608909964991
0.015142070677526731
0.015095540266473459
0.012619451315293274
0.006069323482862141
-0.001431717289893072
-0.006395719320958877
-0.009953439895002213
-0.011333436272340982
-0.007195614798274188
0.0015537118915339597
0.009891498326746228
0.014557456297937161
0.01767855711184818
0.020411587764907105
0.02059147368077228
0.015964325695061007
0.007155201339790777
0.0011763909385958922
0.0003981185916755996
0.00026457987522604515
7.459742434725287e-05
0.00024402750847019768
0.0013145093521078248
0.004243353752869178
0.007963173570013868
0.01062951162369458
0.010854383865498309
0.011074445688290788
0.014270909733378074
0.01732840611814033
0.018475037785544397
0.017203038284402665
0.01532400547556337
0.016625105042328718
0.01848260974139544
0.01800465601049978
0.018121620457940014
0.0197687732540703
0.02236236114369197
0.023994845131232387
0.022891863562263748
0.02182564309660331
0.021771481341809968
0.021640857679893342
0.022164361921673315
0.0227022083386535
0.022437189883866986
0.02135490499422453
0.019939186801635544
0.02063934031932868
0.023546793202462224
0.02549498320807438
0.026187772627528073
0.026582999029008014
0.02610552040122458
0.025885993069433354
0.02530817860313746
0.021968381887881607
0.018480857798669117
0.016862953537885018
0.016252772672068986
0.016834328575373623
0.014398890634232962
0.006916372944065516
0.00017907675587717397
-0.0027054123152665476
-0.0021846161612262415
-0.00039576386187564766
0.0010797846595143852
0.0030104908705967594
0.00380367551645193
0.003835982528083048
0.004493436153565204
0.003936110508983903
0.001348021937886207
-0.0022938215809649937
-0.004059340378716568
-0.002155560636519395
0.002219536239974582
0.006271182917667601
0.008406118140327642
0.012500259822014498
0.01880942129471537
0.020741903203679676
0.017669322295104362
0.013024001615350582
0.006888727881723081
0.0005365309752382197
-0.003847325614887356
-0.007275996306073303
-0.01065641433742417
-0.012305853567282024
-0.012300063248101815
-0.013200829054930828
-0.01562878412205399
-0.017200484605174468
-0.016933951759217743
-0.016142400280310838
-0.0145100944564375
-0.012157175987100952
-0.008812123443666133
-0.00509372893585811
-0.004555912212822439
-0.005611531940291416
-0.0035525835216424317
0.0011506908296191158
0.0043372460054221145
0.003429264570076224
-0.0005800890224456526
-0.004779834248401724
-0.007229109567685862
-0.010446656313378013
-0.016195196113656544
-0.01886536468617955
-0.016393046865952627
-0.014182303002948609
-0.01462405981548183
-0.016263640655761073
-0.016156089188731744
-0.013318951566207103
-0.009831724416439756
-0.007230742734634126
-0.006209003797855503
-0.0057216073926044265
-0.006420513764627979
-0.008802977708755854
-0.009265312424837203
-0.008326033571973668
-0.008487479548295717
-0.009485908738630932
-0.010712535892555431
-0.01082822350038157
-0.010775427667035861
-0.011474185569336845
-0.011616063236224237
-0.010507261654130873
-0.008909460193782682
-0.007853721690535649
-0.006680870270125813
-0.006177528216670775
-0.007624068723665184
-0.009629092939076933
-0.011184105425380604
-0.012707345391054403
-0.013000424623406549
-0.01059619501794999
-0.0075608800097396135
-0.00788216848937996
-0.012349444277828423
-0.015878183562026197
-0.016395867790681445
-0.016694974893769914
-0.015568921129913978
-0.013034246026207875
-0.01139142854597662
-0.009726578158916054
-0.007168890248211683
-0.003284565978460013
0.0010326930329097987
0.004314648913647041
0.006697172245663942
0.007470402560805775
0.007378767048035895
0.007503333145271685
0.007744923077836737
0.008593041521042614
0.008174327209452178
0.006202797763452099
0.005212920429136887
0.004772678007773875
0.004809854826305271
0.006007708547995808
0.00619982836900071
0.004639470972684541
0.0036473368985862715
0.004097675261084007
0.004154895492162284
0.003260335719736674
0.0028558418381739413
0.0027172631685220437
0.002881657753534322
0.0045856952391698765
0.006623264017768856
0.007868152947569403
0.008146088268219462
0.006719175458548739
0.005548194756643278
0.0064365781886099975
0.0072935454272810155
0.006218476166155436
0.004053282814035734
0.002419566527797986
0.0018994473956925966
0.0016919075093016283
0.0015403377389249012
0.002410515813510151
0.00351445649688659
0.004043246260790037
0.0038000528552212345
0.0020756453236491484
0.0006505913549049942
0.0008864503561788645
0.0022054375551193847
0.004342383057823019
0.005605474375610583
0.0060727679804257525
0.007753653097523823
0.009003768161558814
0.008447422417146471
0.006907375678877807
0.005040547081233724
0.004659692548898503
0.005590835260965231
0.00601649795557192
0.006447683723858194
0.006613138382689619
0.005308208297081976
0.0036564529395520374
0.002514988018493389
0.0009506664805846144
-0.0009395074962362926
-0.0023403519920182675
-0.0032423114954167396
-0.0037961035606008868
-0.004199287939210557
-0.0038192648373217256
-0.002428367812951905
-0.001450056270024854
-0.0006452850470203611
0.0015097707924422975
0.004404562177635115
0.006277151400514893
0.006312665358153512
0.0055429686224088325
0.006230828847073217
0.0078065380127030695
0.007560672152128018
0.00556924776330363
0.003274677894936886
0.0019109359828250226
0.002136755461458745
0.0019246041054847684
-0.00022030353150082104
-0.002366132274645232
-0.0024858641977141605
-0.0012991932155275575
-0.0013025011209464054
-0.00281931828642185
-0.004535601554774935
-0.006580059328501139
-0.008026243508161382
-0.007819900287734322
-0.007270473232393718
-0.007071791049651245
-0.006660678387856365
-0.006328848557913586
-0.006204460624344877
-0.005152582333884651
-0.00361995908174446
-0.003471697216786581
-0.004359308606195939
-0.004753466025673385
-0.004680121982724063
-0.00486945057294466
-0.005448304327298535
-0.005847242471842718
-0.0049696082477900284
-0.003146993933527136
-0.0018574631275444
-0.0011620220388456183
-0.0006126009222939166
-0.0008951239573713732
-0.0023381635483075936
-0.0038492557212807593
-0.005312840552426144
-0.0065063886521621655
-0.006721254034664711
-0.007216281783655859
-0.007771053749008965
-0.007535432299291205
-0.00728131152214129
-0.006744741944775203
-0.00607229287731353
-0.005767484536878395
-0.005262835949864745
-0.004511994868886388
-0.003941247561384807
-0.003674447469927458
-0.003548485757299514
-0.003475379265906304
-0.0038437920354902027
-0.00461262764684398
-0.00474458753626373
-0.0034925126718908218
-0.0018026896774940688
-0.0009705762703811812
-0.0003550772191027084
0.0006355454332198035
0.001185186284960908
0.0012419432905047675
0.0011203495571148177
0.0006596361304039268
0.00024280322713788978
-9.501884080779407e-05
-0.0007257021875528923
-0.0007518061341750577
0.000204868025263608
0.0013331215165291342
0.0025213306450415566
0.0036500390475370363
0.004665690725690311
0.005850716663350844
0.0067579854440284
0.006996754451864632
0.00690984027627246
0.006772208843450555
0.006301114413737607
0.00518191995106438
0.0036633419346792607
0.0023520246816066803
0.001567267177204553
0.0011117264356279824
0.0007550873150438432
0.00043656334163773985
0.0002546413119972444
0.0003258049286009104
0.00040471658614658716
0.00047596720600767884
0.0009155444830135791
0.0016747800421060136
0.002275717182994872
0.0024005505257312875
0.0024221974112819174
0.0027537273323851065
0.003256802140339521
0.003728876470221428
0.004011117412826002
0.004102604455873314
0.004156647434888603
0.00421760910297563
0.004153173243380478
0.003918115978608482
0.0036740317547042634
0.003440548268991505
0.00320252160976812
0.0030211213027327337
0.0027837835430220715
0.002400880128515392
0.0021332396984283
0.002097102167954889
0.002030691661049562
0.001926863814662276
0.0018106684403849525
0.0015613105719350653
0.0013034542965653015
0.001023867992600269
0.0006202619599785016
0.0004853564312629726
0.0007955601614162824
0.0010337174739955281
0.001070787394326675
0.0011689050951839393
0.0013254456318722923
0.0015323767924007258
0.001641074445688291
0.0015260311964581063
0.0013601073733033623
0.0012196075054414154
0.0011587853988936038
0.001182335666287574
0.0011410432670465513
0.0010310806517226942
0.0009287078086165888
0.0008254589941473237
0.0006689006410922621
0.0005016494986177469
0.00042983469381089115
0.0004080126139876295
0.00036170193812375844
0.00032263064593237504
0.00035213157980693
0.00048636899477089645
0.0006488305039953203
0.0007619169222820391
0.0008950764470601511
0.0010388367100297236
0.0010372837167316469
0.0008912221730622475
0.0007119746770041187
0.0005120512873809644
0.0002788522696566489
7.89710454347045e-05
3.7386160840219857e-05
0.00012213327236176727
0.0001614584477787445
8.633158040080886e-05
-6.397530651574225e-05
-0.000177249687471234
-0.00020505123690125874
-0.0002246153891836838
-0.00024394080215221713
-0.00024624920939872734
-0.0002612877075977896
-0.0002688474889315822
-0.0002609408823258673
-0.0002553388227538758
-0.000249270271313571
-0.0002478271456101957
-0.00023704378965997466
-0.0002072860031653745
-0.00019453572033055298
-0.0002227028022175438
-0.00026984104831501713
-0.0003076173875861496
-0.00032622658261300774
-0.00033098949131303654
-0.000345949300559137
-0.0003783513328126995
-0.00039586185189254355
-0.00039500072750164064
-0.00040406925815618427
-0.0004237207106354801
-0.0004349272052950242
-0.000428911212136509
-0.00042149069540248663
-0.00043056516484593296
-0.0004495069320513468
-0.0004603303748266616
-0.00046042242605465465
-0.00046507546715998205
-0.00048091421716369386
-0.0004985583589938505
-0.0005120839507199297
-0.0005279880274015721
-0.000543553593115756
-0.0005505732415988407
-0.0005633000662174963
-0.0005906452197203424
-0.000618893069136411
-0.0006350970546576437
-0.0006417039573119854
-0.0006533736775059463
-0.0006704269098402764
-0.0006816838842054941
-0.0006866962220394396
-0.0006921361526743852
-0.000700878049939276
-0.0007107750416457571
-0.0007213579634705095
-0.0007314954761275533
-0.0007396138005576523
-0.0007479518601771542
-0.0007573529630102533
-0.0007666085655152346
-0.0007754098506691531
-0.000784083451861662
-0.0007928164409431984
-0.0008018047979475545
-0.0008110277371135705
-0.0008196181952614404
-0.0008275524172355532
-0.0008353500470649021
-0.0008428180741101468
-0.0008500574577826344
-0.0008571869738604207
-0.0008640848771709985
-0.0008706888104308888
-0.0008769720490900292
-0.000883077124082086
-0.0008890545151127331
-0.0008948299873206857
-0.0009004065101003954
-0.0009057929916352159
-0.0009109745849528906
-0.0009159542594478709
-0.0009207231069368023
-0.0009252900356030396
-0.0009296550454465822
-0.0009338181364674303
-0.0009377793086655839
-0.0009415415314354944
