-1.4826737707956375e-06
-1.3866463029629073e-06
-1.2502587674658223e-06
-1.2080767255352836e-06
-5.040737224190792e-07
-1.8205416211173103e-06
-3.99409939497889e-06
-3.8296171340973066e-06
-5.2219097902844795e-06
-5.487998529855247e-06
3.6658338202402494e-06
7.820062763872136e-06
-4.259379240802172e-06
-6.360973546818456e-06
5.04273197187877e-06
-3.1357217688228795e-06
-1.6517604433680137e-05
-1.8432786034253117e-05
-2.9439864639877363e-05
-3.4112266598813834e-05
-1.817633726628468e-05
-1.7669137326598314e-05
-1.389793331574186e-05
3.136754482684962e-06
7.310326196220346e-06
-3.067438963862083e-05
-6.371789555689587e-05
-7.527580920788099e-05
-6.654906293978689e-05
-7.042668752513069e-05
-7.294391774728589e-05
-9.173381270104544e-05
-0.00011708695764852233
-0.00011243273616556092
3.375572508293125e-05
0.00023326080776286693
0.00020021337517591478
1.9105228045210097e-05
-4.102983954061118e-07
0.0001674492713673603
0.00020577451968988744
7.977400451095698e-06
-0.00012991834885152796
-0.0001215246233539405
-0.00014434011940214116
-0.0001617567012527644
-0.0001363720840558404
-0.0001192576593599216
-0.00021601055959740654
-0.00037953648032267793
-0.00029800980724768803
0.00018834843530106556
0.00029289453596200246
8.937396335946925e-05
6.464955660057299e-05
-7.763834831750101e-05
-0.000274547765568456
-0.00030672445937625657
-0.00032709856880780056
-6.010706847481907e-05
0.00021199809320969043
-2.6346611756131888e-05
-0.0002510920065591074
-1.7181170210092484e-05
0.0002750562691621431
0.000202771796152493
-4.5173908229041016e-05
-5.845672889651187e-05
0.00019528628948658024
0.0001390761648069964
-0.00019827222651537998
-0.0005049154038500201
-0.000438690762276337
-0.0003416617975975071
-0.0002698606975020105
0.0005169341513369522
0.001011080470006534
0.0003628102460921794
-0.0004512142830217129
-0.00014853631461725976
0.00029517730479744676
0.00024891113477583436
8.776308680136712e-06
-0.00012471806518898272
-0.0002183587074663249
-0.0005182703966877764
-0.0006362361624195819
-0.0008038248108916366
-0.0012590274112887012
-0.001366820749145557
-0.0009785953363741456
-0.0005916160519074187
-0.00028971864633594696
-0.0004741189340822276
-0.0004925485571848613
-0.0003828109293325292
-3.339182106327906e-05
0.00012102731076598313
-0.00030266055362887013
-0.00040838218109167675
-0.0004225032669883394
-0.0004634195472708083
-0.0007819242090118618
-0.0009489792232106958
-1.1752786364093288e-05
0.0006744220336374147
0.00024248730115349821
4.9013149628065946e-05
0.0006676396951648574
0.001190555340897668
0.0005555857254598915
-0.00027504979015882593
-0.00021540899395607158
0.0005765710208710294
0.0012787699160635305
0.000732892486240953
-0.0006751655483514274
-0.0011905123438756536
-0.0011563342270431245
-0.0014031606934182751
-0.0017033219224341577
-0.0015662800076020307
-0.0006473343024351629
0.00013534103902794532
0.00027775192720898675
0.001082898651110776
0.001648584946408826
0.0012226784356780258
0.0013401447291541016
0.0015308200297798552
0.0007845519356905912
-7.16477833169984e-05
-0.00045804020751658627
-0.0008876929564987938
-0.0010052974687123043
-0.0010579328916616407
-0.0005808165350447326
0.00022508194957529155
-0.00017542005538173503
-0.0005828189397366304
0.00016426945507262767
0.0007213767450115602
0.0003985861244094291
-3.250555230950945e-05
-0.0002723753361228388
-0.0010076719252613592
-0.0012432887342304986
-0.00038006049425763974
-4.337936174356655e-06
0.0002754921293853036
-0.0003908097497612586
-0.0018363523525457381
-0.002544866116304785
-0.0019511542049909531
-0.00014803220889249096
0.0011011103441018295
0.0013803422327352234
0.0009795915322175313
-0.00019887516649075193
-0.0005827959687248694
-0.0008077363618943506
-0.0010365044716902896
-0.0007413972579287295
-0.0006710757265907721
8.823513127638722e-05
0.0012475393530734823
0.0012598677183856054
0.0004293303694838159
0.0001561097982948834
0.0003809314293702252
-0.001013995432498995
-0.0021796270293023725
-0.000577425267641737
0.00043230639167420596
0.00030655914662494973
0.0009427234510077403
0.0009166916010127664
0.00030086999271210295
0.0008244461041164053
0.0018170461006609372
0.00036476258575844395
-0.0016575365729920588
-0.0007436676577578409
-3.501706922873945e-05
-0.0014651486558227786
-0.0023589540611178125
-0.0006319523632262767
0.001331382171667672
0.002041606588635907
0.0020546706153246885
0.0011739282550512666
0.001202754126143446
0.0015005263699361681
0.00024534768295134704
-0.0006142423021587254
-0.000907256797848814
-0.000566384456988842
-0.00010009323874773826
-0.0006620037476125855
-0.000825758593121733
0.0002980050952452755
0.0019063410987133094
0.0016176634122436672
-0.0006151905926442501
-0.0013398926370250305
-0.0002731681305287495
0.00010289430821521914
-0.0009914461449537597
-0.0021746597934258144
-0.0013129527448984722
0.00011474157808102133
0.0018202653799758747
0.0019424599715395056
-0.0005208806496908927
-0.002429555563932449
-0.0013937461125980097
0.0006388633000980096
0.0009270617366556093
-0.0004514885608288099
0.00019978320862233618
0.0032618620734067155
0.0038245635115098514
0.0015575714418099116
-0.0012475234500653398
-0.002532777866782268
-0.0020013444913550464
-0.0010643641859544634
-0.00030597132432398476
-0.0014811337313404705
-0.0020954863728890227
-9.9729688128267e-05
0.0019092272001909932
0.002723288050990149
0.0025286155979845197
0.0018637255525608164
0.0011455264641762164
0.0014823307762866908
0.0026079107452503018
0.0007928917872939285
-0.003218623561268597
-0.004652222808604745
-0.0034379476402291924
-0.0025703619760253323
-0.0035368270475221153
-0.0028906308900030157
0.00042372230127915166
0.002959795232081826
0.002668183146109771
0.0009936764927623643
0.0010076522919179735
0.001968195554382791
0.002534336754247085
0.001785939227734218
-0.0004189445271662646
-0.002914106478689184
-0.00303820098889224
-0.001758686969114395
-0.0009548521452176317
0.0006097902452126056
0.0024926158995526738
0.00182084201127111
0.0002454213079890431
0.0012150231987585445
0.0019164982125804183
0.0007291702006684761
-0.0010844208242234623
-0.0012398242344566748
0.00013274739583333332
4.0554967864143545e-05
-0.0002926675745124648
-0.0004352142861630479
-3.4468906281413355e-05
1.976932392189385e-06
-0.002253701670561922
-0.004557890483639929
-0.006664432392189386
-0.006157850902819663
-0.0016097975095496584
0.004415705810841376
0.010023198758544431
0.011870782757840773
0.008989352052548253
0.002409152593486128
-0.0023895683334589873
-0.0009394568553352434
0.003360704177347206
0.004174433617310012
0.0008799864765530761
-0.0020676246952905106
-0.0010341461144828107
0.0025844312298954567
0.003864811865450342
0.0011411166189183757
-0.003534926539882389
-0.005424117520481504
-0.003274058306317853
-0.00017822310781689788
0.0010175243296391234
0.0029605000691093693
0.008917405665711703
0.012352215897667874
0.006107617030433253
-0.006336903067827705
-0.0149738699832881
-0.010938409023798756
0.0010811261528699237
0.008126358627362284
0.00344325649628066
-0.005960569178478086
-0.009263525802925212
-0.006680017340168879
-0.0029088565226678734
-0.0040613023660534785
-0.010886455270531765
-0.010548918831046443
0.00288068267490953
0.015468744109996987
0.013883948485248291
0.0025977367467078815
-0.0024389618987484926
0.004238534520129675
0.01084430444561721
0.0052014773698230805
-0.010039135143370528
-0.019866116304784884
-0.014856488113188583
0.0005786556892717129
0.01209968201837053
0.008184119923602734
-0.004307394545386008
-0.01066887855913249
-0.0084812823557499
-0.005756828084162647
-0.007885657764123442
-0.008214906969365702
-0.002002699192048653
0.005432732631559107
0.007233404720169884
0.0015825189422496986
-0.007029453549080218
-0.01151492840897668
-0.005145380981101729
0.006382648757916165
0.006426115016837556
-0.004767521580971049
-0.013255848380327706
-0.010374132991556094
0.0013097468162570369
0.01071690368038802
0.008842647784102334
-0.0029503378505729796
-0.013009756200995176
-0.012651310250804182
-0.001577369508946522
0.010520126532971453
0.011875088350045237
0.003728369945592079
-0.004394976926894854
-0.005851637499371734
-0.0040998681424658226
-0.0029068931883293125
-0.003619503056518899
-0.003808752780081424
-0.00031851919041515886
0.009458535949437075
0.019565355080795137
0.019342059176467634
0.00784197357509047
-0.007414408439510455
-0.018668851465118617
-0.02621820969039003
-0.028718437437173304
-0.023426780194511464
-0.008779473575090471
0.010101999145556897
0.019983955631785285
0.013642073548074991
-0.0014241616955041215
-0.009666337219164657
-0.0006439196713535385
0.018845278652116004
0.02862402068883193
0.01907733102759349
-0.0009730171108514275
-0.01566441786351528
-0.017336638803025738
-0.009748394777844794
-0.0013292389959036993
0.0012696239193807802
0.001988260831322879
0.006554434622537194
0.011169617165510657
0.00863435568079011
-0.0027224870105800165
-0.015073252004171695
-0.021996059195315644
-0.021820321138671092
-0.016255503226150988
-0.008342557078055892
0.00060181910779805
0.011012104741530962
0.0259743831988842
0.045430142993566555
0.05651974250477484
0.04639794902241657
0.019269684782745277
-0.007957399964188783
-0.017611811890581024
-0.009819873891108766
-0.0006889265587303982
-0.005235395933856052
-0.019395666057247688
-0.022309917822677928
-0.005768258616681746
0.015042292184986934
0.020307100830568962
0.006175106648321271
-0.005279510093109168
0.008735043319008847
0.041879629542370324
0.06306314318832931
0.047772224159378776
0.004832077977357258
-0.03166901481453559
-0.033425021046944114
-0.008830954164781865
0.0109164157525382
0.0038492367341425417
-0.026330433881182152
-0.05050316332428629
-0.039249056028850024
-0.001322905279327503
0.02863008739193808
0.025989324173200646
-0.0003663053738816848
-0.01854241862371834
-0.007709888294129473
0.025785392635454363
0.05659077594114395
0.06614294723185565
0.05689833226527946
0.04505053229920587
0.04414655426970245
0.05309415601754122
0.05965852511183153
0.05374158514902493
0.03906948947024528
0.02690639764274226
0.02278317956498794
0.017803831878895258
-0.0038755827176316857
-0.04620744669154605
-0.09679788022718136
-0.13918617042998596
-0.1608536459904001
-0.15104741923627868
-0.10346235973939485
-0.02647418922145155
0.05905030376708886
0.13241254916189185
0.18165625314133496
0.20691148660534783
0.2125118978060917
0.19732609569762768
0.15730668617435667
0.10077174746180137
0.050472633475321674
0.01957255659114898
-0.007801711477809611
-0.055912836594039006
-0.12466856953030761
-0.1878032369885907
-0.21976936318858065
-0.22023565509398876
-0.212485589125955
-0.21801374962303985
-0.22830986756131888
-0.21263460620225175
-0.15336527285635304
-0.07148629906765179
-0.005363662529528549
0.021202695422446724
0.012386792178704262
-0.007078075523974669
-0.00424946636572678
0.04503763319260153
0.13459933058152396
0.22056529892943308
0.2584435156564134
0.24108175010052274
0.19968504190540814
0.18331774445868518
0.21988441458082028
0.2820824537595497
0.310684701070567
0.2689041610122638
0.17875642795662447
0.10516620017842783
0.09513468080895658
0.12780222783474066
0.13430608696471655
0.0691426668677121
-0.044492120746632495
-0.14154250540309612
-0.17016285465671493
-0.13462673872889025
-0.08279545825794131
-0.058944833446421395
-0.06554075332353237
-0.06413594833760555
-0.023289032657318055
0.043730052523120226
0.09687957456900885
0.10826184833006636
0.08608661524301368
0.06341691640279454
0.06426965140606153
0.08119325963761562
0.08234487302724167
0.03846205345923804
-0.05777503958082027
-0.18223635953834944
-0.28898730429483316
-0.33442043155659434
-0.30195120093234823
-0.22214067840269403
-0.15675913186067553
-0.1460033384537093
-0.1787436662834238
-0.21081223926919987
-0.21528412589213913
-0.2028901852131082
-0.19948360380227184
-0.20772489602181343
-0.19025014057473866
-0.10942037265656415
0.02550620649251106
0.16527112861881788
0.2604792970320668
0.2910725616958183
0.2754583600346803
0.2454550773396663
0.21992937493717332
0.20285602319561724
0.18941904151588262
0.17196674661364095
0.1502085650067853
0.14065382174809007
0.15483213884072175
0.17210706611881788
0.1563160269338058
0.09218361259800965
-0.005248876187424608
-0.10250313348160435
-0.17000309814158626
-0.2054048238339365
-0.22180867856604347
-0.2216064551291717
-0.19469681798477081
-0.13590080528121232
-0.06516989910032167
-0.02737151154754725
-0.058545471608614806
-0.14885445331348013
-0.25124750263872137
-0.3226525981981303
-0.35021957931242464
-0.3462188929307399
-0.3252084668400684
-0.2847922478136309
-0.217720231139425
-0.12834342094516488
-0.02920436268596703
0.06067627836625453
0.12438549598537395
0.16400130286866707
0.19455985578131282
0.2292563910459389
0.26446074273723363
0.2768038330568959
0.24173239910032168
0.15353547431016284
0.02090925547220547
-0.12691262141259552
-0.2371091393998794
-0.272846929030961
-0.24727960394049056
-0.2024590369923603
-0.17112325891510857
-0.16305711575190995
-0.1688203855360374
-0.17552383723487133
-0.18177615396939084
-0.19077386000954968
-0.19679894042772417
-0.19107601716425412
-0.17349963953181546
-0.1528675087014978
-0.14700399106604342
-0.16598140408247888
-0.19892189384800968
-0.2243767198808806
-0.23272972582428633
-0.232217295561922
-0.2314091871481705
-0.22545262709841177
-0.19542554879121432
-0.12410493550839367
-0.014261597808604747
0.11081267120275434
0.22217268075241256
0.29804573626608366
0.33480092575140735
0.3410254809383796
0.32199448852784485
0.2761021373642944
0.2070031743189586
0.13362535968285083
0.08677179929382792
0.0894523200329212
0.1416127731390732
0.21542155929583837
0.27509946251759154
0.30394535962002417
0.3136966522793526
0.32415494163399683
0.34010389179985934
0.3529225016963209
0.3552527832227584
0.3432534727457781
0.31288500986379175
0.26410557555538805
0.2010986426291717
0.12632208971024328
0.04777511026085646
-0.020600462247436672
-0.06899435659177725
-0.09591212194033978
-0.10454309675939888
-0.09563468316495778
-0.06962077804583837
-0.03281448296768195
0.004609704840168878
0.031561149225975076
0.04009974916440491
0.029165311965973065
0.010199040871908926
-0.0036098866449286292
-0.004844170153548453
0.013707917891787295
0.0511551081247487
0.08485324861152996
0.08291376878518296
0.03133958694586852
-0.053942650218636916
-0.14324921231026339
-0.20650625439786893
-0.23047051700090473
-0.23310217034831124
-0.24350823500954968
-0.26889768200894654
-0.2788429521009248
-0.23409993685916772
-0.1271181628844994
0.009830407179835143
0.1257829188341878
0.19554336848487136
0.23281159686620428
0.2621978035786088
0.28877565685313633
0.29599169588108165
0.26928445887364294
0.20995367316294736
0.13464743227281867
0.0627755147077302
-0.003872924362937274
-0.07645459514475272
-0.16510267453256938
-0.263180845081926
-0.3416466799231001
-0.3727013281564134
-0.3580106789681343
-0.3252883745476478
-0.30700600152040614
-0.3108180114721552
-0.3030975918526337
-0.23442702835997187
-0.08900126360198031
0.09601849539480298
0.26036660164103337
0.36306999522517097
0.3996632096275634
0.38996610499597917
0.3589870451347005
0.32689595270406113
0.2972717898698231
0.2535642371582228
0.17884780153674107
0.08375281934811019
-0.0018460692868541417
-0.05727902279352634
-0.07594128138193608
-0.062251814906262574
-0.03521591573054886
-0.011226263287846806
0.013600916170335747
0.0636395585167873
0.15319931220471453
0.2637602250452352
0.36642808227784485
0.4442805714716527
0.49391700121883797
0.5169724363565541
0.5120476085017089
0.4804548103261963
0.4266859544632087
0.3586442469591878
0.27799695133443914
0.16572878185313633
0.007288421275005027
-0.17963606064032975
-0.36458981233665066
-0.5538522975723764
-0.7533969610725775
-0.9187829447502012
-1.0
-0.9990597591852635
-0.9550219736379172
-0.9007310671743065
-0.8480510765354846
-0.7959237645129674
-0.7235904044782872
-0.599092429068657
-0.4212889446999397
-0.23326944643395658
-0.07431946905156815
0.05719554181745075
0.17574378958082026
0.2869884336047447
0.38895204281011264
0.4727328200392039
0.5232933912595498
0.5253144476276639
0.4892509408298151
0.44963929621531973
0.4232497267038601
0.40854965351075595
0.40109860336248493
0.3878199842304986
0.3525948211952151
0.2922776563128267
0.22342136139173707
0.1616460673627865
0.11505097993943507
0.09068941699964818
0.09341171749346602
0.11879613835695618
0.15693023644828108
0.1985362949839164
0.23836999271210296
0.2737645915008042
0.2970699590998191
0.29744161829010857
0.26566681902141137
0.19960866819963813
0.10197774521260555
-0.01773660927447728
-0.14613790538927424
-0.2732303682272819
-0.3922441618290109
-0.4942790400708686
-0.5717850007539204
-0.6234471988716326
-0.6539523098235827
-0.6760720198155409
-0.693880443933454
-0.6976580955342783
-0.6781969365701649
-0.6414050327327101
-0.6022683186947125
-0.5589057238263974
-0.4874010872160234
-0.37526878047094897
-0.24283127732961401
-0.11758040246783275
-0.01383283503907821
0.05491807398472055
0.08959183457101931
0.11459275733815844
0.15789867074411942
0.22479864043023726
0.30608009304634104
0.3862471570918778
0.452642216086148
0.5039769300361882
0.5440481912193407
0.5716049629950745
0.5808267443832932
0.5701778152643747
0.5492272708710294
0.5353241150859469
0.5385398603990752
0.5489143153774629
0.5374835865249298
0.46833946678980704
0.33351690509398874
0.165976927680187
-0.0017159781645808205
-0.16295735873416767
-0.32217786395506637
-0.4761992831473663
-0.6064663201774226
-0.690551217895557
-0.7224302702176317
-0.7168483143596703
-0.6981581567903097
-0.6816103896511861
-0.6654867027291919
-0.631987310577503
-0.5592891630227181
-0.4370433284328509
-0.2897484890178931
-0.17705317651789307
-0.13065677852960395
-0.11992792206976279
-0.1109815768559007
-0.09520112004297347
-0.06485160333735425
-0.014710441561746081
0.0488933273333836
0.11970771449034984
0.1984129975874548
0.2831962533298151
0.36500152354744675
0.432656846853639
0.4800156124346603
0.5125885071119823
0.5418661414354644
0.5753926276010254
0.6156498165460395
0.6560725145757943
0.6837649527543226
0.6962531334816044
0.6950091648446924
0.6804653730649378
0.6496797016360073
0.5824019275231203
0.46259082384650185
0.31758719560464416
0.19156700781564134
0.09144910958861077
-0.00100861746707881
-0.09074405659429031
-0.17816803628870126
-0.25944383450190994
-0.31702411131634506
-0.3491672321069562
-0.37043701466375156
-0.3992679904252111
-0.43649653981956177
-0.4721440160710696
-0.501042137866908
-0.5097883996783273
-0.49552183070717737
-0.465572147039606
-0.4320478205418175
-0.40566826403548456
-0.38833123649225976
-0.3717412576648573
-0.3557165227935264
-0.34303004529804987
-0.3319990513168476
-0.32794614024175717
-0.3456550233087053
-0.39084823111429434
-0.44848465929081227
-0.4978472038977684
-0.5304053735675514
-0.5361108231554081
-0.49512405917018504
-0.40174552202704067
-0.2750925908474065
-0.13650256725598112
0.00686242680689586
0.1556893306129373
0.310222335833836
0.4651080148019703
0.6067174306393246
0.7233436133519301
0.8121041917973463
0.8784666594415964
0.9291112613716326
0.9669494260781062
0.9875037696019301
0.9834494841928026
0.9557578313480097
0.9101034363062929
0.8509267723411742
0.7881240261861681
0.7250116622059711
0.6436518725497589
0.5163467217028549
0.3412037516963209
0.14674838456850622
-0.02990262254347608
-0.16089436554458184
-0.2476681478060917
-0.3092288886585244
-0.3674319351251508
-0.43765981541515886
-0.5105507624019904
-0.557862800625754
-0.561788094968838
-0.523437696333434
-0.4535924699060113
-0.35818659372486933
-0.23582826007740254
-0.09883570347054686
0.009244874126708887
0.045324005139223966
0.018192022344315443
-0.019832877054433054
-0.03682810772265783
-0.0418099704400382
-0.05206161885554886
-0.0734094243189586
-0.11029409570391034
-0.16537791437349217
-0.22899134091023324
-0.27924445397316044
-0.29577317676919984
-0.2685323054885404
-0.200585427033072
-0.10583314485323685
-0.002251773676241456
0.10017954692526138
0.19508100324814034
0.2695997703684158
0.3191509914053076
0.3563612817903097
0.3947554627814636
0.43085529126457583
0.45828071597305997
0.47687349215922803
0.489129606767692
0.49079372895305595
0.4708329013997789
0.4206133613540411
0.33741039342078816
0.2241328737560314
0.09329758886836552
-0.030261912727432654
-0.1238739688568054
-0.18606293743089064
-0.2233171083383595
-0.24012344660987134
-0.2418511808278046
-0.23778806041415362
-0.23522453476829516
-0.22849010165359873
-0.19874499742410534
-0.14007587501884802
-0.07267401817576398
-0.02039882781086651
0.006962582381508846
0.013869486564510454
0.014261350428478089
0.00948311689535585
-0.017506734236781264
-0.06534284922220548
-0.11150759339188783
-0.13903544525281464
-0.14700401069938684
-0.14474652961022316
-0.14300526801869723
-0.14832792631056493
-0.15993052545109573
-0.17233037576648574
-0.18214427915787096
-0.1859352225321673
-0.17323614043023725
-0.13315431650834342
-0.07071889057473865
-0.008329259414580821
0.03149119562349216
0.05001704174205871
0.06109501831398272
0.06970443572200444
0.08083646288826901
0.10141244235650383
0.12969988863967635
0.16053955176291718
0.18723838569938683
0.20563649728588662
0.22157916478186573
0.2435443603613792
0.2683118230423201
0.28398885140229196
0.2822746641912947
0.2633905291892843
0.24141806927271817
0.2316991716299759
0.2359872901588259
0.24696389977885005
0.25189049463459995
0.23770128103638924
0.19568060555513672
0.127340746098462
0.041965643219742665
-0.046397418922145155
-0.12737484921592282
-0.19012986671315843
-0.22632552554533578
-0.2428644576799357
-0.26364065798401687
-0.3056120341400282
-0.36760961688279054
-0.43886157236379175
-0.5080830474718537
-0.5655930369169683
-0.60026414700191
-0.6002295923175512
-0.563688013608263
-0.5061161791314838
-0.44178890386258546
-0.37257685275934865
-0.2996586154252111
-0.22709633060665463
-0.16772496277518098
-0.12959968005503622
-0.11706846303905309
-0.13345333232810616
-0.1686390127098412
-0.199171040975573
-0.20644244603186573
-0.1904856228953056
-0.16888366380176922
-0.16376752864897468
-0.18552735945667473
-0.22462959734368718
-0.2605527257363289
-0.2794515857458786
-0.27982834960544833
-0.2676319203608766
-0.2476155304458183
-0.2241515254322477
-0.2002842515455368
-0.17715684057096906
-0.14753536750477486
-0.10583889742284883
-0.052050663449939694
0.008310150281463612
0.06386153309710495
0.1055451433391134
0.1342095694486329
0.15475464603437877
0.1670110158763068
0.17037220499723563
0.16638857999095297
0.15899183567048655
0.1507451639148573
0.13768365029402896
0.1159552132024025
0.09094712426492764
0.06832181641410334
0.04966240466048452
0.04616083713434862
0.06883793774502414
0.11303752167521111
0.1636133872700543
0.20964130666968236
0.2505617099542622
0.2927647595622236
0.33934290341023327
0.3834922063480097
0.4090646361077604
0.4089912074034982
0.39097565151286695
0.3628406777744271
0.3320451896738038
0.3029391507715119
0.27306309214163654
0.23843242674406917
0.20328363741455568
0.17641648682524128
0.16227778981956173
0.15703806277015483
0.15396465919657218
0.14920598832679938
0.14085296275005027
0.12085037507539205
0.07998940192124045
0.020970217003417776
-0.04624641887816647
-0.11080949060112587
-0.16532834018144352
-0.21559943738691198
-0.269388122926719
-0.3185081957428629
-0.3522378870124649
-0.37212155552623644
-0.3882462241154001
-0.40870730925814236
-0.4307261038650986
-0.4447470597104946
-0.44111273151638525
-0.4079997235625252
-0.33436702886258546
-0.22994689573281066
-0.12464445978463008
-0.04386815346049458
0.008512002648145358
0.04204912419581826
0.06388744911037395
0.08266611379171693
0.11464280273044834
0.16735544361932048
0.2334382931870728
0.3016877214641134
0.3591046488615802
0.3979918231051468
0.41869243503719344
0.41918444662243676
0.39043750157066753
0.3296410867762365
0.24628517509800968
0.16686354983413754
0.11673662026914959
0.0981153364683856
0.09816033609142542
0.11011517704563732
0.13305522702427625
0.16090991515254324
0.18499305764977889
0.19612734265053278
0.18307756976904907
0.1462935978023221
0.1050484197514576
0.07122943603613792
0.03882242347708083
-0.0024022043532619624
-0.053176223392893046
-0.10956149712881987
-0.16591965721753116
-0.2114375612560314
-0.23686077760605148
-0.24421425003769603
-0.24492949273723363
-0.24891977344692406
-0.26371860235725775
-0.28862781777744273
-0.31380443933453966
-0.33014625270154807
-0.3277342964666265
-0.29194860147768403
-0.21776754749698432
-0.12246113383343388
-0.03040743506860676
0.04842238232559309
0.11038332924959793
0.14930543121104747
0.16344605228437878
0.15516604311168075
0.12863709649552674
0.09175917898069964
0.05863401798728388
0.042753254422999605
0.04615893270004021
0.06015318719843185
0.07736422757715118
0.09670010617712103
0.12174646050085446
0.15344521983061923
0.18612429162897065
0.215801268156916
0.239362850887113
0.2543114822074789
0.2661272209238038
0.28493085921793326
0.30893105083936473
0.32561644771562126
0.3255489090143748
0.30183222287143147
0.2481434710494572
0.17492354776085647
0.10913042744144552
0.06810431823607761
0.04812250263872136
0.03666475830568958
0.03121848848386611
0.03541309339817049
0.052267788594441096
0.08023601634750704
0.10945050983866104
0.1292678569184761
0.1340506964339566
0.12510649125452356
0.10278930909479293
0.0703035079287294
0.043141228921642544
0.03014599746808404
0.021838796114796947
0.004225645230197025
-0.030590398195617215
-0.08161156765178931
-0.1389583058466526
-0.18817240274427022
-0.223969720672497
-0.2485812946069562
-0.2606559971225372
-0.25350023245878567
-0.22330984400130682
-0.18103163795486532
-0.14751585196144956
-0.13028193873768598
-0.1220826029729594
-0.11596228120602131
-0.10896855052523122
-0.0992876434019401
-0.08782609020029153
-0.07685523314987938
-0.061619208949034984
-0.038276812864394855
-0.010895720245275433
0.012047221724844192
0.026079892786238443
0.03337493638796744
0.03909497354995979
0.04108526446898875
0.03353084476779252
0.013437513743340372
-0.015978928317877967
-0.04543534582956374
-0.06675758867988542
-0.07806152540083434
-0.08183391526563129
-0.08220849982408525
-0.08238064497889024
-0.08688590828558504
-0.10023090775155812
-0.12230932882237637
-0.14852575187851833
-0.17041881455443308
-0.18319077562701047
-0.1824868220999196
-0.17011070849668278
-0.15534254686871735
-0.14565755601000202
-0.14320219045285487
-0.14627800892767392
-0.1513163175072879
-0.14901346376156013
-0.13215226992862888
-0.10768843690314638
-0.08594682583810817
-0.07405143464766789
-0.07973895899301367
-0.09913870485901691
-0.11752688197376358
-0.12406625782192401
-0.11898891815565944
-0.10465225814862285
-0.08204703520808204
-0.05188855093360475
-0.01640307528837455
0.022823879485826298
0.06699163776638521
0.11647047066621433
0.1665652997147668
0.21463818889475272
0.2570320746004222
0.2917987990676518
0.31610644884650185
0.31998423049859276
0.2976785927447729
0.251443050738842
0.1883103269815541
0.11487343561519905
0.04001346062022518
-0.026615097726930038
-0.07843838742712103
-0.11119764179985929
-0.12292636553829918
-0.11868493510002012
-0.11115601911188179
-0.10559326466375152
-0.09109345157318055
-0.06369519941194211
-0.038522308190088464
-0.02505778092958384
-0.020767659799708488
-0.02624265320290511
-0.044488429678076
-0.0736305153988239
-0.1045141768445919
-0.12962388796743066
-0.15180400975698635
-0.17028546488615803
-0.1712667001218838
-0.14784757693129275
-0.11234638872135104
-0.08745969274602935
-0.09071458694586852
-0.1156908895004021
-0.14074955393043828
-0.15277413252035588
-0.15136292706448534
-0.14369500700517693
-0.1343796727357258
-0.12277624899477284
-0.11023792470848413
-0.10123044126331926
-0.09534819341827504
-0.08778107094390833
-0.07237979289178731
-0.04522204918702252
-0.010897644312927224
0.020666980014827103
0.046131446019300366
0.06947692453885204
0.09665426232031565
0.12821242727809612
0.1569040063015179
0.17609893712932248
0.18241667216400284
0.17267820007790513
0.1495760964829614
0.11927974687123041
0.08901909067777444
0.06834374685866507
0.05961419302246683
0.05607043344139526
0.051451355643094096
0.0427966244785384
0.033922137301467634
0.033649371261811424
0.04137874368591677
0.05004566715671493
0.05725644444863289
0.06261359852482913
0.06442018024979897
0.06612307828834943
0.0706412014349618
0.07864106243089064
0.09617548360851429
0.12675961876759148
0.16025015628141334
0.18381778608137317
0.19536751262816648
0.2012488377060716
0.21006931355548855
0.22477508041817454
0.24007220358363493
0.24645421818455976
0.2403788764073181
0.21964645845898673
0.18285918809057097
0.13457149050060316
0.08252907305488541
0.035772619182247695
0.0014454509150708687
-0.019681425443556496
-0.030002222494471254
-0.032677245897416565
-0.03657220672496985
-0.050340304740902696
-0.07186952229719543
-0.09536743409479294
-0.1203267145406112
-0.14832419597532168
-0.18069207928101128
-0.21644288581875754
-0.2480311683252915
-0.2690574974241054
-0.2797566879020909
-0.2830912149427021
-0.2799642123416768
-0.2722329943832931
-0.2578800387012465
-0.23100611460846404
-0.19017394356905915
-0.14104888388369524
-0.09543575812977484
-0.06346476286062526
-0.043838075178427825
-0.0308780659429031
-0.02403992950844391
-0.021938729832629678
-0.019109920414279252
-0.017954998806292723
-0.027224870105800162
-0.04787704657971452
-0.07297519366329917
-0.09250131936067553
-0.09975399420737838
-0.09525255940264375
-0.08289743384348613
-0.0656956800361882
-0.04740570890505629
-0.026331533348411745
-0.00014576004206247488
0.027383860920536796
0.0535114038311721
0.07920848568807802
0.10331573793099116
0.12581382171667674
0.14863866323632893
0.16743217072527142
0.17804583835946927
0.18040857380252312
0.1759938987422095
0.16420867024150584
0.14624963874648172
0.1259556726226377
0.10904987183353439
0.09509665102281867
0.07719704965822276
0.05857231038902293
0.05063863339364697
0.057264258519300365
0.07319730567702051
0.0944217352105951
0.1155290125841878
0.13348557027794533
0.15028224894451148
0.1633396199298854
0.16794862582302977
0.16322007250201048
0.14570129909906515
0.11657397765254324
0.08266817529277243
0.051251527474115405
0.028232335488289104
0.016704423549331524
0.014514222001281666
0.019793099900733815
0.031231898057398476
0.04126555746129876
0.04209015788349418
0.03308548200643346
0.018127297101176117
-0.0007464659981905911
-0.021058979348864096
-0.03786298125251307
-0.04360459545888621
-0.03700143087806595
-0.022060260228186572
-0.004363732424231001
0.010153475808579615
0.01885742580166868
0.02208519457428629
0.023657589779352638
0.022096032179835145
0.01056069294707479
-0.008558327521863692
-0.02581252591601327
-0.03746124378015682
-0.046259906985072374
-0.05806402276211299
-0.07607934305262365
-0.09651413914857258
-0.11262431833031766
-0.11987777851075594
-0.12006286203885204
-0.11691934779603942
-0.11282852473487134
-0.1068395107684962
-0.09996707488314235
-0.09700573843360476
-0.09641161382941296
-0.09526826607735224
-0.0967815845521713
-0.10101498495300563
-0.10349921152492964
-0.10025309342958384
-0.09177849819059108
-0.08328228664053076
-0.07413363945642341
-0.05958032550512666
-0.038042606711147973
-0.013278583791968236
0.014736987805337757
0.044307802918928434
0.06682235907971452
0.07619215624371733
0.07386089305011058
0.060797317928226784
0.03832481638897266
0.011284540941018297
-0.012500498686921995
-0.028460612371833536
-0.0381953344893446
-0.04459509763268999
-0.05115072988917371
-0.06060229992837757
-0.07024291943104143
-0.07510446902015482
-0.07401281586122839
-0.07063099209640131
-0.06934112070265382
-0.07422672113741456
-0.08616789728463008
-0.09919711405558906
-0.10420622785358867
-0.09387981566646564
-0.06674143043827906
-0.02877961493516285
0.00853465167307499
0.03830561497914153
0.06398877679558705
0.09001310722004424
0.1126074925550362
0.123165303327302
0.11448504881634501
0.08553831486228389
0.04553630048125252
0.009634499789530558
-0.014090946751231403
-0.028991655043727384
-0.039189665165108564
-0.04785865013696221
-0.060520055852935274
-0.07780580110323683
-0.08988069995225172
-0.0850947583685163
-0.06938578655885605
-0.05587675050889627
-0.05067230457755328
-0.05265780496079615
-0.054083264223964624
-0.04769208085167873
-0.034973797339917574
-0.026776935376457582
-0.031180183830920794
-0.047328392798803784
-0.06786647991430439
-0.08199549768169481
-0.08450758396788301
-0.08066166723210696
-0.075507934226729
-0.0732867944561721
-0.07378954548024728
-0.07180971913324287
-0.06510840746883798
-0.05725632664857258
-0.05325793736806394
-0.05818329532318054
-0.06759807247687978
-0.07144834781488742
-0.07118685131433455
-0.07538094576171091
-0.082787958320768
-0.08905070036062526
-0.0972953695152292
-0.11036962517591477
-0.12526656190314636
-0.1391409155734821
-0.1463868561834037
-0.1371239822074789
-0.10161749299482309
-0.039038782921190195
0.03806993632514073
0.11329583757413551
0.17516134681594292
0.22032596847356253
0.24910982421089667
0.26662335551115807
0.2762815861228388
0.2745994012615602
0.26023662890782073
0.2369925173401689
0.2102817463309208
0.18514191765932855
0.16061392286766188
0.1309681044556695
0.0943693730837857
0.05529713494546643
0.0200350808579614
-0.012252405869898474
-0.03981610625251307
-0.053853102539455175
-0.048374535867762365
-0.026253667508544434
0.00261076347004423
0.028732946477935267
0.05187663349416969
0.07406659158876157
0.09060287322200443
0.09654620039832128
0.08953731277643749
0.0729545393860575
0.05584891042797548
0.04411724168802775
0.036756053352432656
0.03429693782669884
0.03896710158448935
0.05022499811519904
0.0651766922371331
0.07751245931971251
0.08723883726628469
0.10504186221476679
0.13882703731277646
0.1832141785723261
0.22628017252211502
0.25650845333232813
0.2683279223838963
0.25742533046843585
0.22401546636258549
0.1796535539492863
0.1400865555576498
0.11081443820365904
0.08747907085595095
0.06708038047848815
0.04918741518395658
0.036675281777744276
0.03374736127864898
0.042642934666515885
0.061928296673954566
0.0825555388017692
0.09270917756709893
0.08653136937072779
0.06319378345521715
0.0314644157431142
0.008428543268747488
0.0034077260347557302
0.012566184000552877
0.028385770066847612
0.042817514355900685
0.04932176615274428
0.05281756147592481
0.05998665717983515
0.07240227306996382
0.08795131166440492
0.10035746428302172
0.1025782113867109
0.08705546183906313
0.0509209216048452
0.003255585293526337
-0.044568926385956976
-0.08523323233941496
-0.11825290337881987
-0.1453188023032268
-0.1639037251520406
-0.16896616311067553
-0.1552044262979996
-0.12502195007790512
-0.08899790630026136
-0.056839353701749105
-0.03633654770431243
-0.0280760344415963
-0.02553149423879172
-0.02347115155056293
-0.018190137543350426
-0.011859735075517693
-0.010150346253643949
-0.018831270261610373
-0.03705218307071774
-0.05429220226427423
-0.06414892597758344
-0.06723974432674909
-0.06764743070215119
-0.07097039370350826
-0.07838416013268999
-0.09001526688781665
-0.10492025328583636
-0.11865096941596301
-0.1243030555764978
-0.11675250364394855
-0.09293187858112184
-0.057356319266435474
-0.022816890015581022
0.0008971687933504222
0.012318536860424207
0.015204791478186572
0.012784836619169683
0.007764188231931043
-0.0012325117957127064
-0.017201690980599118
-0.04076257083710294
-0.07105106711147971
-0.10457873127764376
-0.13447585648497187
-0.15473059518873142
-0.15923911763042825
-0.14528226465118618
-0.11975836851628469
-0.09383283307574389
-0.07747354603312225
-0.07324144143295135
-0.07597591459966828
-0.08298902339037997
-0.09848281375653398
-0.1223080526550563
-0.14546247911012264
-0.15736886497285887
-0.15559607223185565
-0.14401738650356857
-0.12472316985826298
-0.09865908191344995
-0.06687662564083234
-0.030164158310715727
0.006376593834816044
0.037969884807247695
0.06262078432850825
0.07950730517440692
0.08672287300211098
0.0855067837128066
0.08155286395506636
0.08177744977005429
0.08872029082478891
0.09800044214289305
0.10209892220798152
0.09943116314208887
0.09430929505302574
0.09290266416616405
0.09680076632865903
0.10178869574914556
0.10268440814108364
0.09268167125301568
0.06878971825366909
0.035067330587806596
0.0016376896188304182
-0.02116407663600724
-0.030402094799205873
-0.029864219723813836
-0.026053800072878972
-0.022793133670084443
-0.022826039153598716
-0.02389157996582228
-0.019865036470898677
-0.011159692510429232
-0.004089407497109973
0.0001094736379171693
0.003188427479141536
0.0037806928057147167
-0.002686151581976277
-0.01724460946924005
-0.03491903994521512
-0.04924360581272618
-0.057551886999899486
-0.06271463170989144
-0.06663976898622839
-0.07072656721200242
-0.07064917257237636
-0.06447283687675916
-0.05742882520355851
-0.05519282299205871
-0.0583378882689988
-0.06623312317802574
-0.07654645955845397
-0.08415196521913954
-0.08563864124698432
-0.07839215090344795
-0.06126690823532369
-0.03584575338635907
-0.008370057502136109
0.014575941379548653
0.03087610260856454
0.04301918805915762
0.053043187858112184
0.06077654585092481
0.06780188621456575
0.0757202884687877
0.08295945557524126
0.0925111752990551
0.10496780524351629
0.11732483523698231
0.12743382777945317
0.13322654757865904
0.13595732967681948
0.1390481480259851
0.1411765987824186
0.1436072459602433
0.14756746802121032
0.15043778429081225
0.14821741022064738
0.13988032691872737
0.12694941429810014
0.11106519526537999
0.09361260586298754
0.07543381835544834
0.05886902910760958
0.04791550829940692
0.04267393571572176
0.04370537341048452
0.050642795662444715
0.05505662648899277
0.04922401173602735
0.03316872738238842
0.014080044355649378
-0.003494896116053479
-0.02120813385856454
-0.03656403925412144
-0.044510301222607566
-0.041864845634800966
-0.03183120586424407
-0.018417232499623043
-0.0025394846168827908
0.014291485647240653
0.031276210513419785
0.0486819154918074
0.06470193836072578
0.07511626865952957
0.07897249290058304
0.0784485378656514
0.07140028539027946
0.05697107380252313
0.04162260944410937
0.030693846281915967
0.023466164681342987
0.01504723586085143
-0.00034375706800361883
-0.021171458773120228
-0.04256357669255127
-0.05980813118842984
-0.07180697046516889
-0.08073645063706274
-0.08657100909102333
-0.08729616662897065
-0.08057997289027946
-0.06381955700894652
-0.040015482854593894
-0.014394949440214116
0.008957763966375152
0.023302029930639328
0.02445079648547447
0.012915916672949336
-0.01159631254397869
-0.04538649807122035
-0.07925376017792522
-0.10924893430212104
-0.13115008591551067
-0.14089947414053075
-0.14398328338610777
-0.1445785859909027
-0.14382499937173301
-0.14367146662645758
-0.1373678479656715
-0.11820735402216527
-0.08861641080493568
-0.05648120225170889
-0.03172985854568758
-0.015097446173225774
-0.0011725376253392643
0.013426438574336551
0.025417012213510257
0.032046956674708485
0.03384434999497386
0.03097786222733213
0.02488850224291315
0.017986745922547245
0.015150303060288502
0.01809906435338762
0.020251774068908324
0.01779248969642139
0.012221502987409531
0.004927839609720547
-0.0014150420075015081
-0.0024098927705317654
0.0053578903265731805
0.018277356708006638
0.03210055570215119
0.047509961958433856
0.0640807982760354
0.07989461213937475
0.09425475362510054
0.10255910814359671
0.09754791321119824
0.07601398365249297
0.042570409096049464
0.002902738772868919
-0.03441208738565541
-0.06296177623642944
-0.0831754616191697
-0.09321546259298352
-0.09189423674984923
-0.08255514613490149
-0.06955681261308806
-0.05630501262816647
-0.04737696569033977
-0.04419180912620627
-0.045282971451548054
-0.0485880877437676
-0.049427432806845605
-0.04259819027694009
-0.030213712869420994
-0.019892915818506232
-0.0154577062443456
-0.015917014569511462
-0.017562143458484118
-0.01825810621481705
-0.017351956737535184
-0.013241303999547649
-0.007049803509499397
-0.002105318751256534
0.0038399030426970247
0.014612047098034781
0.02526349910157821
0.030952810081172098
0.03298715822275835
0.03190424190163852
0.026243301103236836
0.01935038567739747
0.01669894584652694
0.02094915042596502
0.028813855486027346
0.033981547798552475
0.03254821556468637
0.02656312826698834
0.01948688257061721
0.011551365930966024
0.0013698238653498192
-0.014067730322677927
-0.03217573177397467
-0.043741675462404504
-0.04510725302824689
-0.041325301725221156
-0.036389989665008046
-0.03033657833232811
-0.021241078608765583
-0.008040755286866708
0.00616482466639023
0.016280747779076198
0.020502432963912347
0.02342049752462807
0.029148309490601126
0.03695982782343185
0.04224227702804584
0.039278623843988746
0.028807965483011663
0.0138045610612686
-0.006010269023924408
-0.028861937543978693
-0.0530566759650181
-0.0753223009650181
-0.08963278972532168
-0.09342999613615803
-0.09110297374472257
-0.08682331718687174
-0.07615913296014275
-0.05666267324462204
-0.029997706825492562
-0.000353211504510957
0.026382030307599523
0.0493516088346904
0.06759932901085645
0.079012917954614
0.08298052215269401
0.07875034162017493
0.06543170973436872
0.04596894083609771
0.02518080345923804
0.00656841945303076
-0.008959921670813229
-0.01952049289115903
-0.024289940503116208
-0.023173568964867313
-0.020358638356956175
-0.021467352891284684
-0.024210484362434663
-0.021622044003819868
-0.010967774615500603
0.00633519104028448
0.02524150975698633
0.03872331435967029
0.03948897548502212
0.02793196496783273
0.011630107417948333
-0.0019822648082529156
-0.010447002145531768
-0.01747690922484419
-0.027319306487484925
-0.038608694900985126
-0.0484409162017491
-0.05399581731252514
-0.055509803321019305
-0.055800632036590275
-0.05573034466726981
-0.054621296366103744
-0.05120103051492762
-0.04330738590671492
-0.028808259983162447
-0.00954915953583635
0.009228698215093487
0.024295653806041418
0.03359477093385606
0.038285294468737435
0.04182716924884399
0.04664674274979896
0.05534808347155208
0.06570895217631685
0.0700896615525734
0.0648470287683454
0.052168404610223165
0.035142526292973465
0.020462007909881386
0.014321681729367713
0.012851303339867311
0.01167480665083434
0.011515662696019302
0.011429517475246282
0.009440180736705871
0.005309749368591678
-0.0035650323086298757
-0.014054764462706074
-0.019586535531639526
-0.019787582931242463
-0.016991922449864298
-0.013314177080192
-0.009644035704412949
-0.004229744672295939
0.003278177381760153
0.008722958996155007
0.010089194279000806
0.006933285506508846
0.00102040139977885
-0.005568911464616003
-0.012102140112962406
-0.017509096127990554
-0.019703355888118217
-0.01912466112849317
-0.016173341610750906
-0.006810887317174307
0.007003639629196825
0.018981096231654605
0.026260283945265382
0.03035680067601528
0.030972836091425412
0.02529047531539003
0.011443372725673504
-0.007444918655131686
-0.023843399741154004
-0.03286342889274226
-0.034826036797597514
-0.03460616298502212
-0.03595132187374347
-0.03912617093259952
-0.044509574788902294
-0.051417762992561324
-0.05709350733187576
-0.06046916622687978
-0.062017746186419385
-0.0631523571006735
-0.06211925057172297
-0.05353461044305389
-0.03798313731403297
-0.021817219070416165
-0.007383067733464014
0.006758849140530761
0.01723525614445115
0.021477306996381184
0.02102142076296743
0.018056882115123647
0.014373197659077202
0.008908097497612587
0.002224090662067753
-0.0014303442353362486
0.001888253292119019
0.014174661364093287
0.03034568820365903
0.04543501206272618
0.05828228664053077
0.0675213846376156
0.07355410242636712
0.0776907300776538
0.07455858354066144
0.062347213321773225
0.043894344340570976
0.02292122160233213
0.005115640392541214
-0.005262005004146563
-0.010606071493641938
-0.013686297654051067
-0.014177999032468839
-0.015112766071069563
-0.019987882300462407
-0.026758224800211103
-0.03241730043099116
-0.03604750562298955
-0.03898041299130479
-0.04039275718109168
-0.03895632287897065
-0.03995208678880177
-0.045261256973763576
-0.0491501510982107
-0.048470935583785686
-0.04425589235901689
-0.03525437745024126
-0.02442641187298955
-0.010437022517088864
0.008016233240978086
0.028943082152191397
0.05026701347004424
0.06824375424080219
0.08199153174633092
0.09492258180036188
0.10769951010881586
0.11873197659077203
0.12676855193883194
0.12910533210193006
0.12418494138269
0.11344393188329313
0.0987677328357459
0.08316205204563733
0.0703906603400181
0.060535546560866516
0.05165110527869924
0.040202726050462406
0.028219122248190592
0.02037165526362083
0.017398260014575798
0.017088610776035386
0.019750731145707683
0.02660557555538802
0.036651113132036596
0.05055835265254323
0.06604053971275635
0.07566023007137113
0.07565569476904906
0.06830285060439285
0.0569512048590169
0.043599431889575796
0.027871926203759553
0.009418491782267793
-0.010487201416113793
-0.030000965960494574
-0.045345425116857664
-0.052902220452603545
-0.056995694015128676
-0.05676046692802574
-0.047985403001859675
-0.03434845571974267
-0.018357105385504627
-0.000261882492083836
0.0161201293601729
0.02827662831096703
0.03802713563656012
0.04284710180438279
0.04190004821949136
0.03693469714389827
0.02900910908599719
0.018831800361881784
0.0070490594057850825
-0.008014409303377565
-0.02310789543124246
-0.034059197671642547
-0.043720176951397266
-0.05150656460469442
-0.05506491175990149
-0.06033457965797146
-0.07111923407971452
-0.0813756141309811
-0.08871705132313029
-0.09228099398120225
-0.08938806010002011
-0.08127359927874951
-0.07109842273572578
-0.060505860945667476
-0.05098306113666064
-0.04157796322125051
-0.03295268207177322
-0.02896004536087656
-0.028303525991405308
-0.02892743437751307
-0.03364976392867913
-0.04342349749949739
-0.052575796485474474
-0.05940348798125252
-0.0665684214163651
-0.07519621563379575
-0.08433278831172096
-0.09290429373366506
-0.09777599376130883
-0.09803635152794533
-0.0908343699738641
-0.07657235593837959
-0.06270196820340773
-0.051953851433705275
-0.04149719164656213
-0.03215706046441496
-0.024786389223964617
-0.020318507803075998
-0.02057876740299558
-0.026236547233112185
-0.034544710620225176
-0.044874165975572984
-0.057031603400180944
-0.06642798411112787
-0.06979105803302173
-0.06618498222004424
-0.05800125496330921
-0.050434819655961
-0.04629222346828509
-0.044360066879020915
-0.043253021178880184
-0.039610898547446725
-0.030318672723160436
-0.017658712021260556
-0.00598272736982308
0.004091600541566144
0.012361655609167674
0.018876004834514477
0.02465808532493969
0.0315548469227483
0.039189056531463616
0.04315903636409329
0.04347442639223965
0.04367769039631082
0.043664771656363094
0.043023291427925214
0.04379038578734419
0.04323014833383595
0.03861393700366908
0.032861524458433856
0.03219389261660635
0.03674596181393245
0.041210525199788905
0.041896474950995174
0.03826754592631685
0.03200549105347809
0.023006626646059514
0.014362982430513673
0.008724239090143748
0.005567254410434258
0.008094658631131887
0.016261577782594492
0.024254384518244878
0.029856327119772822
0.034239961864193806
0.03515430629900483
0.031776841136409335
0.026761444668526337
0.018851908832177324
0.008487875232458785
2.169676850874548e-05
-0.004194116044054082
-0.006998955113465019
-0.010880632020883595
-0.01697637087856856
-0.020953607194913553
-0.018880428226779256
-0.014455316081121834
-0.009465790469818054
-0.0015060629727709088
0.010659747091123845
0.02609532459413953
0.041077568198381584
0.050929030175663456
0.05561446867460797
0.05686821471652594
0.058104192582679945
0.06096272884625051
0.06274302152442703
0.06149145478362485
0.05977561837178328
0.05770969981403298
0.054066202848562527
0.04903107487057701
0.04223683859192803
0.03382915378719341
0.02249417675035183
0.00876424006395758
-0.003308461813932449
-0.012367190248668076
-0.019440667643621835
-0.02339762467958384
-0.023671352753065946
-0.02235574204613993
-0.02153243742460796
-0.02122853290234218
-0.02002732568732409
-0.01665175710569964
-0.012147014082604544
-0.007767182316797346
-0.0007047936378543427
0.009021790262489948
0.017752632046014273
0.023415765888872137
0.024192343153146362
0.02036240795888621
0.015644103243114195
0.010517073548074992
0.004398538415385002
-0.0007403989024175714
-0.002919955251683756
-0.002207559386937073
0.0016569956743817855
0.006372900802925212
0.009585561717807601
0.010618699660107561
0.010176348653623844
0.009609174739897468
0.009100292222682951
0.007528348584514476
0.003999029327503016
-0.0019391409548401692
-0.007782099731101729
-0.010372658527467833
-0.010907761374773825
-0.010482976320617211
-0.007446006342355248
-0.003338911166189184
-0.0011885252531915963
-0.00278402183541918
-0.009812452487309008
-0.020783935841375153
-0.033935703941747095
-0.04800152197677925
-0.0578832978362485
-0.06121107100673503
-0.0592139280508645
-0.055153242171793335
-0.05258950055915763
-0.05037827562701046
-0.04461883434484319
-0.03340939290560917
-0.018089330141737033
-0.0035194044186017295
0.0074020551398522325
0.014635267453256938
0.015576173838334342
0.01144726405433253
0.006849125216752111
0.0023932692186871734
-5.66204419229996e-05
0.001019197286829011
0.0012152970838987737
0.0007941388972657821
0.0023655901311821475
0.007264678672848815
0.015787852693380584
0.02770775218636912
0.039598215407619625
0.04890581413977684
0.05669575542822679
0.06222703762690993
0.06572670071873744
0.06647253216726981
0.06340672669757741
0.05552717882991557
0.04131683975422196
0.02224375345546844
0.00348844263608263
-0.013930014198833938
-0.029020653491907925
-0.03904589019149578
-0.04471109142541215
-0.04826582604543628
-0.04689196320868517
-0.040549038594441096
-0.03151907497109972
-0.019991946402543224
-0.00805012235499598
0.0021982865588560515
0.011245804354518496
0.016745971630604144
0.016901497160233217
0.013775758946521915
0.007864357549884399
0.0006008181999522517
-0.0061818291050965025
-0.013615270107684964
-0.021851655954714517
-0.025575590728035787
-0.021455317651789308
-0.014657082061092683
-0.007715065606780257
0.0003702526575693607
0.007931383820868517
0.014748241637766387
0.021496547672899078
0.027177357414806997
0.03153234711122839
0.03326281036389224
0.033059997926718945
0.031463375175914764
0.028132676637263772
0.02078438740827302
0.010699522281488742
0.0001396498314673804
-0.01130135100962505
-0.02105118491154001
-0.02766974203357459
-0.03180177548250905
-0.03081708477834741
-0.022568587121783276
-0.009484037699160636
0.0027600927165008044
0.01487409922220547
0.027420123705770006
0.036641767660585044
0.042792972676668685
0.0460447844415963
0.045332270776789314
0.040790214584589875
0.03166711038022719
0.018441725095496582
0.00471514767415561
-0.005909628505729796
-0.010033288333710295
-0.007921445422446723
-0.003525382771662646
0.0005592436136660636
0.005851470615952956
0.01454517789379775
0.02335097585569964
0.0296910536351528
0.030059257357006437
0.022095403912846805
0.008820721266209289
-0.005386692441319864
-0.018397960409755734
-0.028233356422145157
-0.036008356736278654
-0.04318010294154604
-0.04973542106453559
-0.05508466290334741
-0.05781986250376961
-0.05711960004523523
-0.05315613848260957
-0.04884921121079614
-0.042402917043626864
-0.03144429156614395
-0.01813017534931645
-0.004326118864972859
0.009658322888394653
0.022449923194360677
0.03135943625603137
0.033731850937374346
0.031737005082679945
0.02768843297647769
0.023005684245577
0.01751406336386711
0.013472942111479695
0.013562941357559309
0.015228781460469442
0.017120803569184762
0.01787514803540913
0.01571734346727986
0.013413500201045439
0.01186996797409027
0.00948605011685766
0.006047996456574186
-0.00012015692538701248
-0.00805729637866908
-0.015441895512917173
-0.022534366204262163
-0.02933217575140732
-0.033348136874246086
-0.036022728343636914
-0.040495203966877766
-0.04396404270958987
-0.04469721065163852
-0.04545065983740451
-0.04252560580644351
-0.03245071638143346
-0.019981579997235627
-0.011701309701070568
-0.007387714945843386
-0.00480854741530961
-0.0053662816175361885
-0.007386285638444914
-0.008813046592279855
-0.008486995658675112
-0.006822769416591275
-0.00502025572037093
-0.003810219390832329
-0.002193456756383193
-0.001663270294594391
-0.0015086614457679936
0.0012722628370652393
0.003971493563404705
0.0026960310803679135
-0.0018423913726377163
-0.006992772573632892
-0.012794372534052072
-0.021667279226980297
-0.03304953335469441
-0.041099753876407324
-0.04353346385580016
-0.04239510297295939
-0.03841626850246281
-0.03163991819963812
-0.024812540837354246
-0.01989682285383997
-0.017183818748115202
-0.014264252236630479
-0.009245160773522318
-0.005195259489972859
-0.004048795926316849
-0.0021484119766535985
0.003268074063253921
0.008990714606579213
0.015019226933177525
0.022595995269149582
0.029026563128266993
0.03412192620375955
0.03777094013872136
0.039417706448532375
0.03820870479619019
0.03269805724140531
0.02336000719365702
0.013105144799834139
0.004272930174406916
0.0006033884009348614
0.0048573244936168086
0.014242247185363894
0.026610739124698433
0.03885528969390833
0.05076678022592482
0.06011331187801569
0.06473531504448131
0.06500234814786893
0.0635238984909027
0.060527477256735025
0.05501673153523322
0.04824648720220145
0.041508775319159634
0.036761864822074795
0.03592786002839767
0.036413039210142745
0.03361623017817652
0.026914741813681146
0.018216952763746484
0.01168631571672698
0.008707831505076397
0.00850937963346904
0.00906136911942099
0.0073922522114998
0.005057515879448131
0.0030240551649829118
-0.0019098705848537396
-0.008752888064812024
-0.011036838827528147
-0.0059519717374095305
0.001814182184861279
0.00925548005880579
0.01401630666968235
0.014315603246255531
0.012514803540912747
0.008917990739344593
0.0031167304357659835
-0.0030785573262213516
-0.007250303138821875
-0.008810998834564737
-0.008682253185313632
-0.007868076105121634
-0.008548783753643948
-0.012781235863992763
-0.01632012244923603
-0.01491913614859771
-0.012954810326196222
-0.014405861652467836
-0.017440442252839767
-0.019698997285886612
-0.022622421749346606
-0.025067204934408928
-0.025447699129221957
-0.023370216532217533
-0.01786147144840672
-0.00987733283386108
0.0005642312682197427
0.012758948092581424
0.0225516435464415
0.027788641561117815
0.02770985295411138
0.02122880776914958
0.009383147837505027
-0.004260019287796543
-0.01613883993641938
-0.0249642673150382
-0.02970283364118416
-0.030361866078608767
-0.03323748335092481
-0.03586795869772819
-0.031529048709539605
-0.022796098304935668
-0.013900091020179937
-0.004992449016133897
0.004099018018697226
0.01260546050399578
0.01718759620338259
0.01613000296856152
0.010056491018923404
0.0017886056320994173
-0.0060083567362786494
-0.01311046150922296
-0.019168612330996183
-0.02235664517993567
-0.020818235292269806
-0.01641961638017692
-0.012658181920989144
-0.011402931964967835
-0.010924697096778247
-0.008553984626306797
-0.007365460551115803
-0.00780934884838661
-0.006985427739872337
-0.006649183174381786
-0.007949163776638521
-0.00787065985311118
-0.005341219654704464
-0.002268077204588862
0.0018526507762238642
0.005160504545511662
0.004011836157393447
0.00023400844547899076
-0.004199654610223161
-0.008738663707529152
-0.009608505242888019
-0.005519647479392843
0.0003346024326497789
0.0052728013796743065
0.0076180886704614
0.006344797635203057
0.0015496537070893647
-0.006478530153674106
-0.0145150485650382
-0.02006623897391436
-0.025072172170285487
-0.03088723471426418
-0.03586994166541014
-0.03849213174130479
-0.040246959973110175
-0.038259653322275836
-0.03185820171139928
-0.025990462907117012
-0.0234713282506534
-0.022282077741757143
-0.017708855580267392
-0.01173250119370728
-0.008250445284227987
-0.008533607179206875
-0.010558287862510052
-0.01223841711273623
-0.01608461264198834
-0.021762265342279857
-0.024747927504272217
-0.02717186007865903
-0.03048481007488943
-0.03421655891887817
-0.03813264522391436
-0.04046339795059309
-0.040131771147466834
-0.036903421227885
-0.029240409504423002
-0.018728381725598115
-0.008294190336625453
0.0016072532245803178
0.009609068719843185
0.01533819808315742
0.02043259716148975
0.0257329716086148
0.027027162337907123
0.02546784293953559
0.025295913751507845
0.0241137312462304
0.017243800575492563
0.006449834058981706
-0.0007695966290334742
-0.0030521563693707283
-0.005681002148673101
-0.00946327543853036
-0.009752032836374148
-0.004967147526512867
0.00258561315716727
0.013638881166440492
0.025815726150985124
0.03322695987887013
0.036733455374195825
0.038939889770556894
0.040432848468285085
0.041345445535534785
0.042132958572074795
0.04650595204438079
0.05331538453081022
0.05590951855900684
0.053792494408423805
0.05109006285811219
0.050439119358162456
0.051683029095044235
0.05489838174130479
0.0590183406840571
0.0595685454990953
0.05659268037545236
0.05340306704237033
0.049481699367963414
0.0434654932209992
0.0364495179621532
0.031200229474517498
0.03004109651437475
0.03127289247838762
0.03234813216224367
0.03346952983639928
0.034323580273673104
0.03186322784730599
0.027071710394049056
0.023114786734770812
0.02174746180136711
0.024631226911188183
0.03018414505428227
0.03446028724366707
0.03602441681116808
0.03566703106151991
0.034911598908071974
0.03507110018973663
0.03466765461650583
0.03229879357031564
0.029279519124447127
0.025471887408273025
0.01913319181619421
0.012583157025909732
0.008518224454664255
0.004714228833685163
0.0017024494166541014
0.0008016906664656214
0.0019920304332529154
0.0033486924978638924
0.004220000643973663
0.006073723989746683
0.009643910051015281
0.009217014412444713
0.001276436885869019
-0.009413328212957378
-0.019158503122486934
-0.02880910421692803
-0.037206304816294736
-0.04103233297522116
-0.04043400683554484
-0.03872570962756333
-0.037534122750804186
-0.03535739360298553
-0.03227586182524125
-0.029632173238339367
-0.027511948852784483
-0.02623868726754122
-0.02661647206096703
-0.02847834128091074
-0.03052941703106152
-0.031812750521461604
-0.03054435800537797
-0.026299413198632896
-0.0228185588497688
-0.022555609481805388
-0.023147378084790914
-0.022567998121481705
-0.020432754228236833
-0.01741912240525734
-0.016877945001507844
-0.01893701937575392
-0.022672584941696824
-0.026619338529101328
-0.029119428842480904
-0.02957360697502011
-0.02902774112887013
-0.029997255258594698
-0.03341852241028348
-0.03640169113766587
-0.035813633236580225
-0.03311389145431243
-0.03246583405584037
-0.031447982634700444
-0.027033071974266187
-0.022763408788198637
-0.02139168598587656
-0.020675599052573383
-0.018401635771637517
-0.015429703206674708
-0.015788422060338765
-0.01920588034341074
-0.02197569941822477
-0.023319974806493768
-0.02209658191344994
-0.019491374679583836
-0.018143488719466225
-0.017566278240601127
-0.015282192007815642
-0.013274933953432853
-0.015172979571898875
-0.0205468239533072
-0.026291383161188182
-0.029240527304483316
-0.02880959505051267
-0.02876728519551669
-0.03065283222758344
-0.03350956222356252
-0.0356558596891335
-0.037501570667470854
-0.038120197684207886
-0.034672700385755935
-0.02835844045285485
-0.023575934704211904
-0.020400496645054285
-0.017791072169028952
-0.01523908307574387
-0.01053779457868416
-0.0057829639908775635
-0.003975386855398071
-0.00398580823406715
-0.0014049999450266386
0.004635901610248292
0.01182918755654403
0.0170175027329614
0.01957532096589767
0.021081871827251714
0.022094088478839972
0.021951373705770008
0.018302289090772014
0.01101835207139626
0.0036639372392692003
-0.0004365605445189988
-0.004086603855674508
-0.009188897501382187
-0.01231476922182851
-0.01103967388231303
-0.006712687223562526
-0.0009102801363967632
0.007295567811997387
0.016088003320391033
0.022621067048653
0.025578162696019303
0.02618976097582429
0.02632350331096703
0.02625211647441697
0.026634554370225175
0.027464848462002416
0.02880052444586852
0.029258354380277445
0.025619235650381992
0.0193721688718838
0.013748606032619622
0.010297339132237637
0.008928537771411341
0.008146400344290311
0.008588148607132088
0.010511356318481102
0.012140193459112386
0.014136468621205269
0.016489348125879575
0.01749677031501307
0.017292169280257338
0.018045027502387418
0.020796893848009652
0.025273217606554082
0.030142227866154003
0.032917106453558505
0.033249165190239245
0.03382475591827503
0.03483703146989345
0.03527035899175714
0.03611565295788099
0.037060527241656614
0.03680130820893648
0.03670840322803579
0.0398629906765179
0.04335193396285686
0.044453717926970254
0.04369453580493567
0.040146103488138324
0.03428704262163249
0.0288935668601729
0.024388264286791316
0.021339264959036996
0.02099301131508846
0.02360338211826498
0.027117927284378774
0.02996006970622236
0.030971049457177324
0.030302396681493773
0.02632220751030358
0.018607866373894253
0.01090109978136309
0.005469949597280861
0.0026688604964565745
0.003437590313379574
0.005404177896939084
0.004164933042445718
0.0004866024028070969
-0.0033610006408323284
-0.005442832023396664
-0.005552549036238441
-0.004742222054684359
-0.004236906915963008
-0.007383052026789305
-0.01421932329362686
-0.02156112173929433
-0.02731249371733012
-0.030915192595245278
-0.031933515216626455
-0.029931012358011662
-0.02510865092229594
-0.020442610166616408
-0.01865424425763973
-0.01955173739382288
-0.020884890493063933
-0.022810352112233617
-0.02519152326472658
-0.026759324267440696
-0.02737895258469039
-0.026965670706423403
-0.02553811067551267
-0.02465237202201448
-0.023840140606151992
-0.021732560093737436
-0.018283246711022317
-0.014828062958634904
-0.011889819247587455
-0.010159999968586651
-0.009696364454538602
-0.009958879925613189
-0.012784583349040009
-0.01740140527618617
-0.020369613395908728
-0.021684694002563332
-0.022291207246431445
-0.022206194869571774
-0.021630250741355047
-0.021707998781162044
-0.024812953137565343
-0.02908679822577403
-0.02948034859393848
-0.025918133670084442
-0.020824890995677525
-0.017486219356277647
-0.01627366406878267
-0.012696857644124449
-0.004060244128844995
0.0059191173005880586
0.010602580685187978
0.010297462822300967
0.007132128081649579
0.0002189583097733213
-0.007794464810765984
-0.0144602479769803
-0.017371906177749297
-0.015713797685464416
-0.011977440895783073
-0.007632852944687375
-0.0027303796146210296
0.003117488282820668
0.00920903934836148
0.013854274650055289
0.01637610692790008
0.018712245080669484
0.0229829095672497
0.027713190622486936
0.02933655398698231
0.028576743597959392
0.02612671831021311
0.022746524112887013
0.019817425613188583
0.01779756295235223
0.014420574880001006
0.008080149590369923
7.474099693405711e-05
-0.007522937635077403
-0.012279368340369926
-0.012888598838962607
-0.01084435941897869
-0.008620828307197428
-0.005401160252060716
-0.0023831953501960196
-0.0009240050214239044
-0.0008988955459011863
-0.0009364584511333938
-0.000524020021298251
0.0001056322957504021
0.0011379699829739648
0.0023868687487434664
0.0046677645632287905
0.005709172069762767
0.004814688725120628
0.0020661953878920386
-0.0034330353777141135
-0.008010439441344995
-0.008969369235650382
-0.008856952638093085
-0.009399900969415963
-0.00999316759650181
-0.010399324534454163
-0.010207954409805991
-0.0077938797371330925
-0.004157248551844592
-0.0034781606541515885
-0.0065793650419682355
-0.009829482449361682
-0.008628909391334942
-0.007218096602332128
-0.007971543824763772
-0.009712740626256535
-0.013054808834062124
-0.016410962002412547
-0.017367404252110977
-0.016476288025859473
-0.015098156900256334
-0.013409561752362284
-0.013160398918124247
-0.015209792090746885
-0.018599628223009652
-0.01819877425110575
-0.014439839116530963
-0.012156561777492964
-0.012332998781162043
-0.012866258057524126
-0.012541155414404908
-0.011874880236605349
-0.011469818839213913
-0.011265251181141939
-0.011280437572250704
-0.012436802230976077
-0.014630677177573383
-0.015348872731956172
-0.012487309006835546
-0.009037363430463411
-0.0072695300719993975
-0.004853753188454967
-0.0025774888796743067
-0.002958177444586852
-0.004859142541214315
-0.0034564736630478495
0.0016966511013520307
0.005166604625301568
0.005448187999472257
0.005585709753216728
0.008153232747788501
0.012999293592304987
0.016679475459891437
0.018112265813480098
0.01905330766862686
0.020913967474618017
0.023847326409831126
0.02783468175135706
0.032029895299306395
0.035246072545989146
0.03812530235348814
0.041650665491807404
0.044229995979091274
0.044299635448080014
0.042982277373592684
0.04264483910082429
0.04329633233438883
0.04162969708107158
0.038370051612133096
0.03588574650683555
0.033157222243164454
0.029715654214414963
0.024902481183403703
0.019606049111630483
0.01715430983300664
0.01907657907054182
0.02348909642641737
0.02845354436821472
0.030711319957529154
0.029959893006131888
0.02852807253970648
0.02414294566118818
0.017553125863867113
0.01343146078357459
0.010706853371908928
0.01031285536351528
0.013153085497713109
0.014998578545938883
0.012723859381282671
0.008028606173979696
0.004348310433001609
0.0027210969698683155
0.003140306154503418
0.004622794390204061
0.007114279409177725
0.010560942290535787
0.013092461660007038
0.013355591654729595
0.01116540974002312
0.006884565364897467
0.00352515895154805
0.0009420961656865703
-0.0036194147064736635
-0.009634872823054887
-0.014573783675110577
-0.016017227080820266
-0.014626102608564538
-0.01170537183981705
-0.00689029044782871
-0.0015025293636283677
0.0024046918978689186
0.004022976116430438
0.0028146164744169686
0.00032015327358514276
-0.0012700022539078209
-0.0014743794685489547
-0.004658668435238239
-0.009814209671542019
-0.012955623146612385
-0.016092503282695018
-0.020164641290963008
-0.023228915359871333
-0.02546309167043627
-0.027618125973813835
-0.028690499189535586
-0.028398217606554085
-0.028086989847205472
-0.028125490833584645
-0.02797237038852031
-0.02673382055438279
-0.022887550418425814
-0.018727474665133696
-0.017327570161715922
-0.016949003961223365
-0.015503512797798553
-0.014402502387414556
-0.015921320161715925
-0.019101831476804384
-0.023148399018646966
-0.02683206580468436
-0.027171467411791318
-0.026015318719843188
-0.02422077223436872
-0.022200599366706878
-0.02100683318883193
-0.01979787080317652
-0.016874727096526942
-0.013433139434434058
-0.012215510891008243
-0.011763751586374147
-0.011118786439485325
-0.010748030382991557
-0.011550998787444713
-0.01514498635089968
-0.018725024423879175
-0.019246240607408528
-0.01790516938078006
-0.016943681361831525
-0.01681636894664757
-0.016433772020757943
-0.014564618830418177
-0.010844153268873141
-0.006122758264852232
-0.0034996434584841176
-0.002934817692626659
-0.004070229647290913
-0.005987643559006836
-0.007538137769526539
-0.009128632953860074
-0.008533389249095295
-0.0052381014085745884
-0.001717690388457479
-0.00046684831435967036
0.00101941973260957
0.004655395556895859
0.007488934647667873
0.007848656765178931
0.006832483994898473
0.0038792070328206676
0.00014126025645858463
-0.002677261604091275
-0.003181869942450744
-0.000691927318933454
-0.0011657735458760557
-0.005939960057926217
-0.009936352627412546
-0.011039927152442704
-0.01268769083609771
-0.01838487085972055
-0.02383134486831524
-0.024798228130026138
-0.021202302755579015
-0.014416528447929235
-0.009128949050688583
-0.005937751306795336
-0.001154680314196321
0.0029132779515983116
0.00535255791050965
0.0058212922038349425
0.002789226634750704
-0.002586667467707077
-0.007595891212429635
-0.009727767987283878
-0.008895404541113792
-0.006529266639651187
-0.0038826919512716124
-0.0007546440710444311
0.003691694860147769
0.0087107490199035
0.011723513049105348
0.01479462541151488
0.017791684729342585
0.01812755233464013
0.016217180903196623
0.013514144645908726
0.01226722315415159
0.01217275732245175
0.011489534642641738
0.012186263099366709
0.013478356987585446
0.013973286087655813
0.014447368503719343
0.015595571581599316
0.016560746742435666
0.01647675137276337
0.01789603005943406
0.0205773734356152
0.023003269344340573
0.025283878512012466
0.02659548401688782
0.026622008663801773
0.026964689039254124
0.027539042866656618
0.028213212611831528
0.029833395374698434
0.029940848663047852
0.0297318320893647
0.029592258651236433
0.027377499717279857
0.021871328564786893
0.016174788588158427
0.012582978362484924
0.012165041418501207
0.015209558453960596
0.017548508101502817
0.02037931226754122
0.025480054879121434
0.029339616788550467
0.03015681544028951
0.03086143650105549
0.03156160079287294
0.030531144765279454
0.02842794248843989
0.025815176417370328
0.02336291292847809
0.02340642041742059
0.02535940798401689
0.026462998215721758
0.025734640442802575
0.02270509775834339
0.019671019771562128
0.017842790322175315
0.01520222932687475
0.01224149954764777
0.008675322615098513
0.005295774354769803
0.0015824820315641338
-0.0024722502324587858
-0.004475161464616004
-0.0026153557090621234
-0.00036632422189133496
-0.0004686565452854846
-0.0005669277116003217
-0.0006276852523748492
-0.0013283690424582832
-0.0011166950957478892
-0.0016445877940289508
-0.004097398267867914
-0.007211099278749498
-0.01176535563052875
-0.0156217565716727
-0.016614121949763774
-0.016895222343687174
-0.01791191736090169
-0.01867042409592381
-0.019480921887565342
-0.018961812361781263
-0.016452345163600727
-0.015388541902266788
-0.01610471914894954
-0.01653967820164857
-0.01689689510454363
-0.018319340649502414
-0.020728078979443107
-0.02371238644074186
-0.02497883525583032
-0.02331598923778649
-0.01996298722104946
-0.017097353503844996
-0.016861437286389228
-0.01792922218976176
-0.018123305642465823
-0.018735113999045035
-0.019457705459011865
-0.01797331867900583
-0.015174565946044431
-0.013407382451246484
-0.015092657600774027
-0.018763333003493164
-0.021030648434358666
-0.021968395814485328
-0.020942475089213916
-0.01721449388382087
-0.013332243682775434
-0.010965430394300363
-0.010709933843486128
-0.011245303704262164
-0.011296214926995377
-0.009701669383921393
-0.005882883965369924
-0.0007750582324964818
0.0017020514487836754
-0.0019530969243189587
-0.008436447652794532
-0.015449316916716931
-0.02041681195340772
-0.021231988370778047
-0.02084371937198432
-0.023956409265681548
-0.028450756433453964
-0.03291363135177925
-0.03733213491405308
-0.04019479417973462
-0.04274080688329313
-0.04592107474492361
-0.048278921485474476
-0.04710011591525935
-0.04223018288852031
-0.03414387628166466
-0.02451171875
-0.013768192255981103
-0.003805142208232811
0.00252341865199035
0.0035620401870979095
0.0016273289071924006
0.0016902580920788101
0.0020623884826095696
4.086970999195819e-05
-0.0004940024062625654
0.002680669952503016
0.005231757875326699
0.004575874626181142
0.0031778529603940496
0.0019497963629624049
0.0004596157833232811
0.0002784204425512666
0.0020981781042671895
0.006418889946471653
0.011376340564686371
0.014613584388821876
0.017277145845898675
0.017936461003468036
0.017607663365123646
0.019539600060941898
0.02264307602658826
0.02318984500653398
0.02187933896888822
0.02060780511786289
0.01769624312047648
0.012211344695541818
0.006718335736454565
0.0034374371733011666
0.0020307493497436673
0.002603263532870929
0.002947178845622236
0.0040126156011258554
0.006519328241229394
0.00750762559057097
0.0073113903234318465
0.008636715608665059
0.010242334357408525
0.01165663991819964
0.014907026302397467
0.017441659520129677
0.017735719884021915
0.01831380601000201
0.019092407471979295
0.017366648368390636
0.014630849950995176
0.010806270732810616
0.00681081467380378
0.0037480111423150385
0.0019187201180513671
0.002442831630729795
0.006128155470948935
0.011420048313731406
0.017121029352633696
0.023595725114344594
0.028464224907016486
0.03055568644451146
0.031653524106604346
0.03269797870803177
0.0332475945227684
0.03340599633720346
0.03115874421994371
0.026187149741154003
0.02269610568707278
0.019590122543476078
0.014676043944134501
0.010564358492284882
0.01063314391083635
0.013635315751281667
0.017233703146989347
0.0181994182247688
0.01626878518295135
0.014591516510856455
0.0131466339810766
0.010406844104970848
0.007321285528498192
0.0037594318581624453
0.00011414122970697629
-0.00023398213679885407
0.0014433913773497188
-0.0003754713965746884
-0.0038718190057046645
-0.0051504503103638926
-0.005205957698783676
-0.0054498430903196626
-0.006540170998567552
-0.0073592034045788105
-0.006181571908298151
-0.003527161552573382
0.00018124037966174108
0.004972803892742261
0.008154534438454967
0.00854673795926317
0.008535507686846603
0.008371416129498392
0.007138375411514878
0.006407693050738842
0.00676786477181343
0.007439399722305992
0.006469143452201448
0.004220952861127865
0.0019358498174884401
-3.49309377513068e-05
-0.0022613115544581827
-0.0042112245394802985
-0.0028981799105347815
0.0010290153328558506
0.005019144473135304
0.010942539879247086
0.018295009047044633
0.022570059622537195
0.023705279170436272
0.0228882572187877
0.01874074287859369
0.013229331586751106
0.007663306223612787
0.0014765214663123242
-0.0028620604487082832
-0.00737191599442099
-0.01483266305099015
-0.023175787532669887
-0.02953579315565943
-0.033586937229845196
-0.034470123548703255
-0.031416314051819466
-0.027024001369622037
-0.02245375169632087
-0.017917067186871735
-0.014147608580242261
-0.011613660566194211
-0.009743376495275433
-0.010164016950643347
-0.010860405750527746
-0.010406818581624448
-0.011539809745049258
-0.01575533595006534
-0.021507463811821476
-0.02521319847582429
-0.02494269027065742
-0.02217480115349819
-0.021150078062173304
-0.021615761333936473
-0.02007360147768396
-0.015867946917722156
-0.011530988483866104
-0.009546583641184159
-0.010420638492033577
-0.012321727278724368
-0.014114047343058909
-0.013672656407066748
-0.011315695130302575
-0.01186325729732107
-0.014132009888922398
-0.014872033794481305
-0.014815024455292524
-0.016647740123642944
-0.019010687606805392
-0.019459521543275033
-0.01788659427460294
-0.01444340060502111
-0.010748986526814436
-0.00776761425035183
-0.004588306459212908
-0.001148178536200744
0.002422770280458384
0.00614159645783072
0.006648535274050061
0.005061000797899075
0.006246617174934661
0.007429873624095296
0.0050775222563580625
0.0020066454940691598
3.582337137489948e-05
-0.0008582315540812224
-0.0013728556462354242
-0.003164135143370527
-0.0058378175889626065
-0.008534957953231807
-0.011094015050135707
-0.012195235537293929
-0.01220107253028247
-0.012406771068933457
-0.01242929640379976
-0.012242867991681746
-0.011068817617234621
-0.008254214886158023
-0.006841291512741255
-0.006104946895732812
-0.003265034821697829
-0.0019314409538977685
-0.0031787521675211102
-0.0035235490173904306
-0.00237928046152493
-0.0007798283496054484
0.00042469827477885006
0.001013036343674608
0.0015301884251231405
0.004219602087102935
0.007971938454965823
0.010496813901035384
0.012336187236127866
0.014173501033499196
0.016541301879146562
0.01731239555061319
0.01686852492335143
0.018087099793928432
0.017971278774628067
0.01566258018257439
0.01436256424029956
0.013888705644350624
0.012057434990073381
0.009852502544481305
0.007669802896939084
0.005657173159805992
0.004064164907519099
0.0019117027684584845
0.0005387177384901489
8.847383346526942e-07
-0.00032822768238590673
0.00017649498093209694
0.0014415603717455772
0.0030444797321069568
0.006012577905106555
0.008124860603261962
0.0077680677805840375
0.006404051065540812
0.002825679863414757
-0.0006774049274979896
5.605083936469643e-05
0.0019876207843285087
-8.5653542954614e-05
-0.00214722415937877
-0.0010641702085218137
0.001247790659868818
0.003629058604744673
0.004924429297974468
0.00652772149552674
0.009197524392465824
0.011064319618264979
0.009722203897768397
0.006650227668249901
0.0033509306990098515
0.0016079912419581827
0.0005677972723788702
-8.648474018018698e-05
0.0009674459533323282
0.0020801488050361887
0.00279892943305187
0.004183920448833937
0.005850002041867712
0.0054504203106151995
0.004355608146738039
0.004833542624773824
0.004821911832152192
0.004135494807373342
0.003845802862384399
0.002105888118214717
-0.0006647009763268999
-0.0016654653023849015
-0.0019126074729216929
-0.003854451350145759
-0.004829981136283676
-0.0038553780439535587
-0.0037137607747788504
-0.004286669588108163
-0.004901399386183153
-0.006597235311117814
-0.008489182813128267
-0.01133089722808605
-0.013293236156136912
-0.012030058256056493
-0.009406460469441096
-0.0068036072734469245
-0.0025784391334941702
0.0038925439629825098
0.009663431484343588
0.014376464647416567
0.01700453490965521
0.01543517305614194
0.012231190079035987
0.009566788314862283
0.0076043335500854455
0.007431165498090069
0.01001987287017491
0.011341923313731404
0.009213081853764576
0.006547235075517693
0.005874154980900684
0.005779418209062124
0.005932925430991155
0.007443648377814637
0.00858065848663048
0.009820914458308204
0.011626602866154
0.012675474969843186
0.01308578828659027
0.010101769435439285
0.006349625474341577
0.004254311874874347
0.003249938743968637
0.003962528978814837
0.006665773349542623
0.010029717028548452
0.010967348571949137
0.008904484962429635
0.007191817372210495
0.007480574770054283
0.00911589680400583
0.01097386095195014
0.009400346646310818
0.003401500301568155
-0.0026394536747336153
-0.006106596096577202
-0.009521193801517894
-0.014953500389525533
-0.01965804213158424
-0.020231100158323283
-0.017694370099517492
-0.015108175795386009
-0.013438954830744873
-0.011429195488414758
-0.008622970304960797
-0.006106963240098512
-0.004854459988816848
-0.0050237602721652595
-0.00643267059019401
-0.009377972488188582
-0.011503617639852233
-0.012251137555915764
-0.01168298982835746
-0.010685882997838762
-0.010410325096753117
-0.009927105322677926
-0.009393904946346
-0.009488951925010054
-0.010880895107684963
-0.014664087238012666
-0.017749545684434057
-0.01666621313643446
-0.013883218124874348
-0.010301554411062525
-0.007677944844441095
-0.006655793721099719
-0.0057316208345898675
-0.00404146876256534
-0.003397928996406313
-0.0029656754184258145
-0.0025520656633242866
-0.005328956668425815
-0.010353266674205872
-0.01375439590558404
-0.01565024847959389
-0.01747257025595597
-0.019520702967933255
-0.019015833506106757
-0.016371206445391036
-0.014773501897366306
-0.014221675368164455
-0.01169212718636912
-0.007548515954840169
-0.004886358281815441
-0.0035878835569963814
-0.002437899734871331
-0.002183604744672296
-0.003215362462932248
-0.004289665636308806
-0.004902434063379575
-0.004924146577829715
-0.004103294160886611
-0.0017634219425387014
0.0021202479455669485
0.002516497898446924
0.00037496583798250907
0.0009883890370551872
0.003648053864470246
0.004833307024653197
0.004609312173301166
0.004686382862761359
0.0037557918362987543
0.001917391726037897
-3.865652172547247e-06
-0.0006719931927271814
0.001191404679332529
0.00570904445303076
0.011477548486504827
0.017598164753593687
0.020268835444310417
0.01914612626281665
0.018395463048477084
0.02009191938706273
0.020761357496481708
0.02018541336826498
0.019301033342129074
0.016806550311620427
0.01327684624107861
0.010917470063078007
0.009462067987912144
0.008152690867511058
0.0072935946609871335
0.006332709385680539
0.005975665256207279
0.0050826603023220755
0.004414504250226176
0.004623654330644351
0.004969159944209892
0.005688168319008847
0.00586397116568657
0.006896785157820668
0.009685267688857057
0.013086840633795739
0.014006244581197227
0.012943815653900284
0.012779541506458585
0.011225974677699035
0.007204123551844592
0.003320322316671693
0.0025019417376608366
0.005028236674457178
0.007234993057649779
0.008853664053075996
0.010191611614771815
0.009582253499447127
0.00831893620262867
0.007550279029076197
0.007697623344516486
0.006910328238088058
0.004471423276035384
0.0038622006307800568
0.007485074732358264
0.01347534915937877
0.015479734855624245
0.0152802600868265
0.01607045503807298
0.01617618648220748
0.01447979297032067
0.011934922927347207
0.009488223527970447
0.007041151095069362
0.0038430168909579818
0.0010636605269275232
-0.001007653077251709
-0.0034557707893546445
-0.005186885869018899
-0.004918103434735626
-0.00396110752475372
-0.004048646712907117
-0.0039759326623441905
-0.0019333247731956173
0.0006095316740802172
0.0004978468112309007
-0.0024931008431342988
-0.003694361068179534
-0.002279554857132087
-0.0025651885900432247
-0.004325781171466626
-0.005105839427523121
-0.004976834618139325
-0.004805380557021512
-0.00543626270669984
-0.005539677416314838
-0.004108999610474467
-0.004184061808906313
-0.0060694399942199445
-0.008394972214892441
-0.011681301360826297
-0.014158856522667875
-0.01389540846778247
-0.01079479504360173
-0.007530700659052071
-0.004759383560137717
-0.002096858743591677
0.00162069813813078
0.004523805036188179
0.0034623028026990353
0.0010361263334966828
-6.656702744898472e-05
-0.0014649238540410134
-0.0035070687889525534
-0.005710240123642944
-0.008799556522039608
-0.012686730765606153
-0.016601230696496785
-0.019094288346275638
-0.019208489614746686
-0.017865523770481506
-0.0156246740864998
-0.014488637791515884
-0.015084818006760155
-0.015358098440013068
-0.014282173552472861
-0.0121770825479996
-0.009292463387741255
-0.006716816115676518
-0.007657834410811219
-0.010064715426467634
-0.01133857386534982
-0.011914906733765582
-0.012161684116782269
-0.012942421686519904
-0.01339663908574588
-0.012181696383695215
-0.011398098235826298
-0.011779509307775432
-0.011757317739746684
-0.010828968841098715
-0.008305852542596503
-0.004687095553126257
-0.0020096258355950945
-0.0006475771668928428
0.0006548428782795537
0.0010364047343058907
0.0003808858800135706
0.0007772233976050463
0.0025740451912444713
0.004812841227508042
0.005629297738867109
0.005169090206574186
0.005564896445893647
0.008692077710343788
0.011665023355825293
0.011242502026161038
0.009379386088912344
0.009272097720647368
0.010320184490601127
0.010724329010856456
0.01006349030584037
0.007898794434182751
0.0061171117152945325
0.0062587466544782875
0.0070915734475522725
0.007152998325668476
0.0069351801241455575
0.0074564139776839575
0.007530987305865501
0.007034132174809008
0.005963349259901488
0.0038298998542420594
0.0015940525498215723
0.0008030129721426419
0.0009694098766711904
0.0008955158621707882
0.00045192363571823485
0.001034620259725573
0.003254036222733213
0.005164109227357258
0.005518147491958183
0.004793099900733816
0.003924463852658826
0.0029778618346652597
0.002476485144627061
0.0030708237522617614
0.0029579123944511463
0.001420864471815943
0.00019570163286590272
-0.00028730590476728997
-0.0006360168579739647
-0.0008108963485122638
0.0004214746761283675
0.003051777445843386
0.005332162793400684
0.0053042068757539204
0.003587335786715923
0.0026968439007840775
0.002284808739822075
0.0007907517528648976
-0.0007429983570818256
-0.0015641984805362889
-0.00200125810464415
-0.002048700115601126
-0.002133959872587455
-0.0024408035063580623
-0.002138145701397266
-0.001256304266561118
-0.0008856237984393849
-0.000705934727771914
1.0795670690716727e-05
0.00041133915893898273
0.0006882839594013873
0.0002869159865676518
-0.0010764765844893448
-0.0020052044066646564
-0.0026762210368918376
-0.003245892311896864
-0.0032794162457277847
-0.0035242244044028956
-0.004569584102960394
-0.0051894166069813025
-0.00540911960946924
-0.0070743314453910345
-0.008259983162444712
-0.007298589383544432
-0.006623267161112787
-0.006891148424934661
-0.0064166164053076
-0.005014047657192401
-0.004557417320064335
-0.005795071873743466
-0.006932474649427021
-0.006752672490701649
-0.005939484931016286
-0.00545807142453257
-0.005306252670134701
-0.004649784347356254
-0.003828274213409731
-0.0030001633494169686
-0.0018966803157669885
-0.001658497821484218
-0.001779902563643446
-0.0016912352435791114
-0.0014505485163475071
-0.0009408182313656012
-0.0005494825043350423
-0.0005205737805337756
-0.0006446606337329112
-0.0005328155628015682
-0.000347537664605951
-0.0001784900231202252
0.000353883946521914
0.001250047905357861
0.0016896820497838763
0.0011048879957026537
0.0004913036068807801
0.00044475569838158425
0.00017752098019074185
-0.00011732100673502212
0.0003836549667646763
0.001153525088271512
0.0018805605555136714
0.002576428679131484
0.003199918875025131
0.0035234685206825497
0.0032669333660032174
0.0031021821283172503
0.0034727438147115
0.0037791555149276237
0.0036335134103588664
0.00331502131395758
0.0031533898145355856
0.0029283779559961805
0.0028108331291465624
0.003139037840520708
0.003441524835394049
0.0034313449468486128
0.0034462211311318863
0.00364523844302875
0.003955182181719944
0.004090876071195216
0.004093799476025332
0.004062445026638521
0.003987037281363089
0.003941489888042823
0.004009539056217331
0.004084624814661239
0.003935576325015079
0.003927206630729795
0.004034286885554885
0.00386159592380378
0.003622923184936671
0.003562805887489948
0.0035693516441747085
0.003462022045888621
0.0030370131716174107
0.00263322794154604
0.002502868431468637
0.002485288735801166
0.002490377698406715
0.002501847497612586
0.0025755196553327304
0.002681217722783474
0.002491192482157218
0.002059747797924206
0.0017016002745526742
0.001470000840307097
0.0011679214336424407
0.0009469222378241858
0.0010109779839540614
0.0009977396131760153
0.0007665917458283073
0.0005750733894375755
0.0005012469136384198
0.0004102714977256736
0.0002764840058931444
0.00021374447910383997
0.0002839032500251307
0.0004035243029377765
0.0004452547779704463
0.00026564581134398875
2.020818804659228e-06
-0.00014003274056342986
-0.000312535536351528
-0.0005466653158926418
-0.0007098580587806595
-0.000741243725183454
-0.0007524602542596503
-0.0007686453935464415
-0.0007495659067777443
-0.0007990770757941296
-0.0008641828131282671
-0.0008958148779905509
-0.0008929513548577605
-0.0008715268615550866
-0.0009217972519601931
-0.00100986948538651
-0.0010722281253141336
-0.001109717601842079
-0.0011538710277819665
-0.001210898036979795
-0.0012365018800889627
-0.001211887164819562
-0.0011659728243114196
-0.0011413842213887214
-0.0011386055142993568
-0.001125828134424005
-0.0011106810100020106
-0.001096068501520406
-0.0010641270151663653
-0.0010358838617058708
-0.0010019863053503217
-0.0009680378986354043
-0.0009467869640882591
-0.0009228978971903901
-0.0009164118258695215
-0.0009198325432875957
-0.0009074293749371734
-0.0008739790661439486
-0.0008366554913676117
-0.0008064277995577001
-0.0007810395305589064
-0.000749713745853438
-0.0007038033320139728
-0.0006595444750201046
-0.0006292356975020105
-0.0006067883070089465
-0.0005886103833685163
-0.0005724886597808605
-0.0005499083515530761
-0.0005286670373441898
-0.0005103465756307801
-0.0004895126532971452
-0.0004708012917169281
-0.0004552905577754323
-0.0004372575282091878
-0.00041351610405357864
-0.0003887918347280861
-0.00036509321126105757
-0.0003452048307448734
-0.00032919894388319264
-0.0003137567303101126
-0.00029908414379774836
-0.0002847066464364697
-0.00026985421849869324
-0.00025557508418777645
-0.00024215117831473667
-0.00022822406985072377
-0.0002130288437374347
-0.00019727936834036994
-0.0001818389610348814
-0.0001667132958572075
-0.00015201652106579212
-0.0001379007361718436
-0.0001241362310577503
-0.00011060467556292723
-9.749828011911942e-05
-8.489131766435464e-05
-7.257598889223966e-05
-6.0430861573934466e-05
-4.846157047899076e-05
-3.668990861856655e-05
-2.5136235769752715e-05
-1.3821202283122236e-05
-2.7181087750050263e-06
8.201787969315441e-06
1.8932519413449942e-05
2.9450407745275438e-05
3.975015785208082e-05
4.983963485122638e-05
5.972415937876961e-05
6.940396703483113e-05
7.887742825190994e-05
