-2.286639323908085e-05
-2.2700260490755373e-05
-2.2390668708054652e-05
-2.2072171891008295e-05
-2.179436030936566e-05
-2.186719987238584e-05
-2.170336944134271e-05
-2.1062305639197276e-05
-2.1131210706433165e-05
-2.2524034547915333e-05
-2.401892504806087e-05
-2.426935549916705e-05
-2.2282500908593068e-05
-1.7746356171772603e-05
-1.3992633406952667e-05
-1.5183914038050724e-05
-1.784071829010184e-05
-2.0436141118893307e-05
-2.7098126407085873e-05
-2.9790164336118584e-05
-2.4021297257117856e-05
-1.7661092317989485e-05
-2.2904755600797916e-05
-3.097607563441175e-05
-3.314372791214357e-05
-3.380260178298028e-05
-2.8935733279831864e-05
-2.221356295111029e-05
-1.709044653443691e-05
-1.3783973569397597e-05
-2.610825742538436e-05
-3.0070274123762706e-05
-1.5652595944961458e-05
-2.151273757036457e-05
-2.7379453133864947e-05
-2.3193610082834084e-05
-2.7667061897800133e-05
-3.467669298434588e-05
-2.9944904725177313e-05
-1.840964555825438e-05
-1.6294259994112645e-05
-2.4230216105367193e-05
-2.1696684498662185e-05
-5.859093248783472e-05
-8.612693497433738e-05
-5.431647488911875e-05
8.474579128178224e-06
3.3025656037087044e-05
1.9794929310636868e-07
-1.3361490125525626e-05
-3.0170836053630834e-05
-5.143076685255137e-05
-2.837857249750445e-06
5.381230851709388e-05
5.8868731735634765e-05
3.1758485272569697e-05
1.2500896259227768e-06
-6.503511856111748e-05
-0.000153903620065024
-0.00018045521746208986
-5.645495762913944e-05
9.606842322511893e-05
5.083804349077346e-05
-7.275881746406329e-05
-6.701807154615405e-05
5.945598709386711e-05
0.00010561905200441386
8.940136461634347e-05
9.745630941828664e-05
0.00010824657160288972
8.767832680736017e-05
-3.6695891021455945e-05
-0.0001258341788867638
-8.314309066361006e-05
-2.932606239608737e-05
-0.00012041057717449755
-0.00027856349379936615
-0.00026114095444207446
-0.00013500895436971595
-6.429841814357578e-05
-9.47664216891444e-05
-7.036646313085548e-05
0.00010148881813831334
0.00026530157067374026
0.00021034069362241663
-5.5689437132759835e-05
-0.00016195770149798628
-0.00011638427648857145
-7.203884995962721e-05
4.073258091411863e-05
0.00023423512908599643
0.00034853136825071574
0.00015087960854028148
-8.173292132817395e-05
-0.0001384436417396967
2.498897354472991e-05
0.0001504059889850563
-4.86232964907751e-05
-0.0003019005629165755
-0.0002527960821137904
9.098659229085501e-06
4.325445703958176e-05
-0.0002055119531379762
-0.0002247806220532394
-8.62457509912298e-05
-0.00010913723948868821
-5.779712637912916e-05
9.490262842408024e-06
4.0210398909359405e-05
5.2964767967530744e-05
1.1841282357836018e-05
0.00010343061720192801
0.0002909636924564574
0.00020029971237479094
-0.0003356027877773264
-0.0005147007069758569
-4.746506644652127e-05
0.00024611590851906725
8.043137203309415e-05
-3.579772004808554e-06
9.93362748177469e-05
0.0001575045265202283
6.002001371523295e-05
-0.00017334397606905632
-0.0002807881078734317
-0.00021156848653884418
-2.2700947074659212e-05
4.936324482019724e-05
-0.00019712925702576785
-0.0003288886138898801
-0.00013718304080199577
-0.00017702427135769293
-0.0001865815192991746
8.150305961521699e-05
7.864777505702347e-05
-0.0002930739306969607
-0.0004975772221884183
-0.00027777930808787615
-4.451020666586634e-05
-1.0880537689756168e-05
6.592060623303069e-05
0.00014557560398827132
0.00017649473838275364
5.9442214302981656e-05
-0.0002717477301618364
-0.0005405002277649596
-0.00023166492074272753
0.0005805473923790009
0.0010700714376162465
0.0010356986628470126
0.0007113346368834517
0.00021335611257015897
-6.52015432103841e-05
0.0001243600380211254
0.000324374221940097
0.00019908384217286125
8.647224145388047e-05
0.00015495565572462967
0.000264678793848866
0.00041154003647528374
0.000361963580629618
-7.449443579248227e-05
-0.0003036743339313876
-3.9759617519318906e-05
5.2604578651269634e-05
-0.00017830181077254254
-0.0005372806837224524
-0.0008875675689009559
-0.000777392642122868
-0.00012792164063129538
0.00032698615978410834
0.00028903365165610615
0.00013533123767643562
0.0001317621936479066
0.00014873249211045202
-1.5577474621063243e-05
-0.00017257047968780576
-0.0002135541118564406
-0.0002011974927764795
-0.0003003007813078148
-0.00038449800438426985
-0.00021760059893139586
5.779428959533484e-05
-5.362240845410905e-05
-0.0003043088690195252
1.2232561179970497e-05
0.00018653839196293925
3.578629068729104e-05
1.1461864580986476e-05
-0.00018436307214640105
-0.0004105914406421491
-0.000335681189903352
-0.0008215519098544112
-0.0012053329890820824
-0.0007089801063341681
0.00019016388387769432
0.0004216250084281257
0.00013562638652947048
-7.157497414004337e-05
-8.770361118465735e-05
-9.573952075621255e-05
-0.0003292662350369933
-0.0005824611936199498
-0.00027735251602166146
0.00018593773382909897
-0.0003565849563299747
-0.0009637121906055586
-0.0006299822557118024
-0.00018266782659604033
-0.00020152972538288358
-0.00010869429008868854
0.00010913201816199431
6.948323666341601e-05
-3.373914005160479e-05
-0.00019381474239536377
-0.0006019211193208821
-0.0006817724718500599
0.00012156161247724405
0.0007015884344735833
0.000625776004262576
0.0005220570218210343
0.00030302565603708697
7.691277342073368e-05
0.0002666452605976487
0.0007441422470287771
0.0008440521277522969
0.0005603622367341299
0.0002789845300723749
2.108469567476808e-05
-1.152000220364654e-05
0.00037233029865988684
0.0005392688991469914
0.00010151858381174938
3.740807587122152e-05
0.00039678427944869364
0.0005524332204649694
0.00012974417143712288
-0.0003748749348361983
-0.000366771846935369
7.846905767798145e-05
0.00039529731138676784
0.0002729570634271966
0.00010025239153207703
9.39143176178252e-06
3.8134181517983564e-05
-7.163454659972405e-05
-9.24940345314702e-05
-1.0261144449030805e-05
-0.00011183909104513691
-0.00027880864947712726
-5.6625246882415716e-05
0.0004838899459448792
0.0003916951715473052
-0.00030888583466401787
-0.0009404645418470833
-0.0007728439209778927
0.0003339083233703294
0.0008905248132245104
0.00038687292688662563
-3.7115698021487195e-05
0.0004824879991711657
0.0009488836227949144
0.0007352236454562946
3.196957076583295e-05
-0.0004361057618779015
-3.955166482207198e-05
0.0005705084667718058
0.0004565967968188553
3.714499912018589e-05
0.00020997692749180621
0.00045759542694007226
0.0004920866065981124
0.0004916290210382464
0.0006714823469822375
0.0009301760614916055
0.0005307363468473876
-0.0005053993451551844
-0.0008633767923128914
-0.0002414067651948829
0.0003731358630318558
0.00031056878748460324
1.245109631415448e-05
0.0003400013238324373
0.0008622174111099965
0.0006384547833108309
9.250854735291069e-05
-0.0002243298201067946
-3.5835963182657626e-05
0.0004053976595300312
0.0004957518134859879
3.464113040489538e-05
-0.00046772315621387205
-0.0002992256813625771
0.00035033864620454767
0.00044484100032396884
0.00012981167866886592
-3.824887392017208e-05
-8.114541929308991e-05
-0.00013796582867799294
-4.851837660319397e-05
5.854077486132649e-05
2.537135555508047e-05
5.316091717742479e-06
-0.00013733450038892715
-0.00028162631581543965
-0.00011038521879414486
7.507836101321695e-05
-4.0366619359528216e-05
-0.00018431702580075417
-0.00012325032109103526
-9.904544280961644e-06
-8.068853265097034e-05
-8.157323917951989e-07
0.00041620469574054855
-5.641470818950702e-05
-0.0016389847274138562
-0.0017578447350115032
-0.0002914190579246583
0.00048243743041657136
0.00011953878006785256
-0.00026693243356581254
-0.00016724345196297215
0.0003462765362623194
0.0007055327973319431
0.000352835139281973
-0.00011626928396288006
0.00011226366301968644
0.0002956549517088949
0.00021760923262120464
3.0201937893346792e-05
-0.00029110240707271864
-0.0002958053012499938
4.4290623155062705e-05
0.00036381291698666133
0.0004648300478717543
-0.00011063255345076247
-0.0005527744567764597
-0.00042369339382946074
-0.0004113443395062844
-0.0005859487931746159
-0.00035072695668190025
0.0001939375874675003
0.00048049279456916237
0.0006276918611439556
0.0005632796016333296
0.00028479940238421397
-7.07421108631552e-05
0.0001249177743827734
0.00045958199785226683
0.0005796116648549622
0.00035504470606808605
-0.00032643076685255135
-0.00042820716908711475
-0.00034737848287158166
-0.0008112535624248663
-0.0010676889503571057
-0.00047102081459274466
0.00032480352188763703
0.0005341828335934404
0.00016162616780932863
-0.00020104467646686388
-9.974325051020994e-05
0.00013315797350032805
0.0001534633841103928
-4.86220631065167e-05
-0.00035120756541458974
-0.0005987562553138305
-0.00035508059755000543
0.00017137944162227853
0.0007499140742299981
0.0008379008293275753
0.00021236562278504741
-0.0002433050669069847
-0.00021280869552347292
-0.00012686639817261787
-6.366129294849551e-05
-6.288171187157015e-05
0.00011604575362244955
0.0003331961261867212
0.0003803507087025948
0.00029093914810971523
0.0003213770159665703
0.0002716063021002067
-6.844559048682498e-05
-0.00037111072830518197
-0.00042238847328407463
-0.00013001058243693704
0.0002593029652202084
5.7140308148723117e-05
-0.0004950261724139632
-0.000677902112047204
-1.7833988123331846e-05
0.001030874074756242
0.0012419891692416988
0.0005558805294671944
-6.574920693392183e-05
6.08768868723513e-05
0.00038563099116403516
0.00010263212423304054
-0.00044225706030262313
-0.00046826625641565374
-0.00021912571967971475
-0.00014891462185260892
-0.0003402148226475662
-0.0003588894937039844
-0.00020424008729071522
-9.332714448521007e-05
0.0001996398929093561
0.000318241670956103
0.00026223040275751827
0.00030787700856626474
0.0003461714108106952
-0.00010142361322385266
-0.0006870229886380641
-0.00041593746248456205
0.0004885282930126314
0.0008208312023194201
0.00013385746682607473
-0.0005188798239713986
-0.00031160955823464885
0.00032089912067924934
0.00023406192082330862
-9.496392762172269e-05
-1.400961299690996e-05
-1.257550367301832e-05
7.935273638631568e-05
0.00019154276636577572
0.0002806588903159601
0.0002137157674199081
6.576466534996045e-05
0.00018655138361046105
-0.00031692186757399887
-0.001766578740073312
-0.00196012386466979
-0.0006399743127171784
0.00046841097350197255
0.0003433816189566227
-0.000383151806579036
-0.0007797874632245926
-0.0006077895616223442
-0.00030840004571744314
-0.00016092996350827106
-8.088492853771607e-05
-0.00014647009536527085
2.1846170670780135e-05
0.00031471974220624485
0.0004962451671893474
0.0005348015813630704
0.0002291460622974166
-0.00024475996697819206
-0.0005776452392189882
-0.0005976725216787839
-0.000153211074803933
0.00042564501885433394
0.0006216787017561746
0.00047241207203621864
0.0003725223365889196
0.00020566994966147713
-0.0003953687243353292
-0.0009014821989761266
-0.0006062544093487237
0.00017551703468112083
0.0003365274559558481
-0.0002989008079489148
-0.0006316810369637038
-0.00038725486487864317
-0.00042469819087196975
-0.0007114090510670417
-0.0003425305838183274
0.0006006182544159267
0.0008473099067068146
0.00023879560849423515
-0.00010889837407064496
8.686199087953452e-05
0.00016937987906256216
-0.0005502879541115274
-0.0009321293310288232
-0.00035310677160848105
0.000574296600957435
0.0007216720414811793
0.00015024412785754574
0.00023816867927569095
0.0004794789527087585
-0.00011780805416365856
-0.001208890891539477
-0.001025339879588806
-0.0002705860466416591
-0.00022567416783564082
-0.0006249948608989232
-0.0010054371689391084
-0.0007287002761136225
-0.00010651444786320287
0.00020108673487007528
3.7164412588413086e-05
0.00020224644497543917
0.0004569084319081441
0.0004941887045025103
0.00032396116155195914
4.2776109511366045e-05
-9.151361738446888e-05
-0.00011256674664478367
-0.00023506770457322435
-0.0005072078976060833
-0.00048790008929702023
-0.00011536397991721523
0.0002216690813589592
0.00031507039335090765
-1.6037136377764217e-05
-0.0003451337235212956
-9.54008334388562e-05
0.00018108683354081597
3.555377719817853e-05
-0.00023280530782804318
-0.00041208066990854866
-0.000601064328389381
-0.0007888787385932512
-0.0007590427622544947
-0.0006789558333319629
-0.000567371148346525
-0.0005331706362453809
-0.0007731403443279947
-0.0012125622653486447
-0.0016410025440605968
-0.0016560633992399063
-0.0010565724580361563
-0.000330690053824889
3.557504485407419e-06
-9.453528547912043e-05
-0.00038852948528408124
-0.0008940440696418087
-0.0009640632939911162
-0.00039488951343813255
-4.0168476178416426e-05
-9.706248982457986e-05
-4.4911961031635474e-05
0.00037981977789216273
0.0006050362368295117
0.00035328063767610667
0.0003022049210387398
0.0007161604583584806
0.001027203934331333
0.0006717175122475056
0.0003607047064298788
0.0001406461371227283
-0.000559020314660992
-0.0011199807427604454
-0.0010246273946155375
-0.0008597148744497051
-0.0011867935791660018
-0.0023816362240023153
-0.0026159319533682075
-0.001122403520572027
0.0003552243690417262
0.0006402621023774714
-0.00020935213613930992
-0.001406118490403448
-0.0023139139722702325
-0.0022346826008949436
-0.0008736533499538714
0.0013103552475566655
0.003425615828760218
0.003659811242873094
0.0016060291111575228
-0.001100826696355596
-0.002930594589883289
-0.0034782924370521783
-0.003166340368008972
-0.002915987208982984
-0.00330374718582825
-0.00404136236336158
-0.0046320485854727065
-0.004908824124338289
-0.004737301486803611
-0.003810134060646326
-0.002149928957066716
-0.0011319244247906947
-0.002011622179866893
-0.004814671681332976
-0.007398648704206498
-0.007484989713575285
-0.0055746172808646185
-0.003863592634558111
-0.00323832642912234
-0.0029297320431585817
-0.0024385758194193884
-0.001736799088282356
-0.00039583765703037245
0.0014005012473626132
0.0024536547642344873
0.0023144669395460814
0.0015851076251103878
0.001379581816955909
0.00282193795912729
0.00666861678422189
0.011326500658627192
0.01372125597985801
0.012825041976177592
0.009375998013429088
0.004083882874541797
-0.001312595073369918
-0.004843976891312534
-0.006328054722792776
-0.007022926968851291
-0.007856711172652417
-0.008145014743053167
-0.007211420973781539
-0.0057917011329045535
-0.004128819585484218
-0.002286603144636505
-0.0022075062121453813
-0.0057228618461624475
-0.011430178939388207
-0.015668732722342177
-0.015598002246403862
-0.011176549911771912
-0.004620944015866255
0.0020215990251330816
0.006353955792219154
0.006912543189005448
0.00443737532540788
0.0010138455605567002
-0.0005740856922492488
0.0007341115439833048
0.003794909165360649
0.007298629463412066
0.011242544192157977
0.015430446994900364
0.017502742224334504
0.016496744687813994
0.0135541488579684
0.010127980061932334
0.006539995362475188
0.00296058103910157
0.001189900885240995
0.0034745191034776498
0.01014088948383691
0.017929361616752973
0.02321842166283221
0.024905629659109033
0.022521917238271745
0.016338797499683432
0.00813287413066966
0.0004529052777334673
-0.005637314313999898
-0.010522054555052517
-0.014229796754719339
-0.016175147964998197
-0.01575499972865546
-0.013190082603855064
-0.009404094506835414
-0.005432050394436285
-0.0017805801181746568
0.0017445023952322295
0.004820234244338355
0.00730748105110651
0.009735710421110275
0.012215491141834255
0.013719183894303901
0.013923185650643086
0.01241516783070732
0.009709369444631735
0.00801609730908445
0.007945375055707854
0.008261882012817329
0.008351154365440244
0.008730436470021362
0.008750902426149062
0.007520959309831058
0.004315648521665627
-0.0012529523107865208
-0.00821065956456602
-0.014575136124509318
-0.01871059131730372
-0.01893565927677636
-0.014356296755541594
-0.007658288424442057
-0.0030912527566138172
-0.002603849310044846
-0.005461663950480444
-0.009923028599714183
-0.013418599927970358
-0.014891569078563286
-0.014944024911072993
-0.014366533844886306
-0.013823922885527138
-0.013605363083657986
-0.014694959405212774
-0.01758828153393533
-0.02189215123593325
-0.02654712432348873
-0.028704958862523697
-0.025125973756872005
-0.014526310553000165
0.0016201402604578649
0.019491401667206615
0.03402776430191273
0.040022940947206216
0.03503828835866156
0.02083355808335375
0.002959580353339922
-0.012128985681231014
-0.02053286311243695
-0.021030418544836806
-0.014616121483415914
-0.004303914926087392
0.006379351174099587
0.015240703160588273
0.0218210836349643
0.02657328440360937
0.029382900853995256
0.029630219065489412
0.026918738889263466
0.021309064716494294
0.013883367895501106
0.00496590103653613
-0.00419693528679473
-0.010320091994020552
-0.011844924952679156
-0.010879916886346106
-0.009766175012292728
-0.010403509882696933
-0.014269939301049361
-0.020930933770554345
-0.02860353356367469
-0.03547485705076445
-0.03916848933451519
-0.03740838010600526
-0.030367474505947376
-0.02152313499966287
-0.014687670104245636
-0.011512951356969359
-0.012277287804460902
-0.015171053951516486
-0.015334765155414636
-0.008052819269737848
0.00800960970788527
0.02996841714042326
0.05254636291427321
0.07031540102255776
0.07977056586025262
0.08004951626669385
0.07251978759478557
0.061310051423901
0.050280718257211594
0.040643440122483276
0.03261774297258762
0.026942534982888847
0.02366205353545486
0.02329252338907682
0.027355842047878328
0.0365582371156569
0.04709513339461882
0.05184288164609107
0.04587790647000491
0.02955843199036973
0.00724113731184723
-0.015085378969647234
-0.03163892922512222
-0.03808064030732646
-0.03404358451066712
-0.022901384350491622
-0.011526794039629458
-0.005962742750578456
-0.008090310039912315
-0.0167517016591485
-0.028102783666045586
-0.03762217493335614
-0.0417195514428129
-0.03828946048483512
-0.02718716441669969
-0.011429459465237475
0.0038240100446814
0.015565765693170175
0.02177371345688006
0.021197398217019714
0.0157671156733538
0.009306607815051562
0.003973096189171544
0.000310748697135095
-0.0004846682114119289
0.0033013585316478172
0.011136530703867728
0.020273235726043976
0.026631553587257
0.027258556808856683
0.02265043998927778
0.014025955338333746
0.0009816192855251666
-0.01660075598232478
-0.03513215712328744
-0.047768972327790774
-0.049461874448060536
-0.03990664103420091
-0.021445653800550253
0.0017795239301213813
0.0231184640912507
0.03500076880952106
0.032574007166784796
0.01729129493835545
-0.004826347718979152
-0.028030211336281394
-0.04774385240172805
-0.059006582982915154
-0.05628857409268142
-0.03851320461187041
-0.010925375318829828
0.017869336916177557
0.03818656745871862
0.042096555897796845
0.026914047917800693
-0.003345033901621982
-0.039018826377320195
-0.06751574209441803
-0.07909056000578868
-0.07172898272110878
-0.05064855455587477
-0.024275053734440853
-0.001156470827173264
0.011216359444352168
0.008660659811242873
-0.006500621625666232
-0.026604982379050224
-0.04284871473137712
-0.0475526367288676
-0.03907573883828359
-0.022524207221711508
-0.005726915569091719
0.005840403365987866
0.01230965180740129
0.01592865200967631
0.017766193101928517
0.01741412356536854
0.013726740428527024
0.007286472405905115
-0.00038149582376090105
-0.007232306280557094
-0.010398066546836532
-0.007038196265970269
0.0031251753461287355
0.01700876360628401
0.02916191128513706
0.033852944417127266
0.028564899857420778
0.013855444075890955
-0.006048446511413738
-0.02587300171193735
-0.041272244085100225
-0.05075433781243678
-0.053787311929456995
-0.048502137043791714
-0.0341468311069377
-0.013857861509037415
0.005952690668872506
0.017002691244451824
0.013024328093368832
-0.005606294699901164
-0.031615256469922685
-0.0547482416051756
-0.06564589044587663
-0.05924762737981492
-0.03719360268252853
-0.0070603478472511146
0.021931763427032163
0.044056896838096105
0.05625354597974289
0.05859915504955737
0.05385292797200382
0.04540490360690892
0.03584045681263906
0.02588674161257591
0.014949176345992238
0.002408089438448369
-0.010070989486632579
-0.01911927319132421
-0.021894334326070613
-0.01603161081628659
-0.0013870935382176443
0.018344210412065454
0.03852125038851604
0.055795220389321845
0.06758324932616105
0.07116454497165683
0.06398990762774161
0.04660025851734055
0.02366400228258313
0.001912511943270902
-0.013298599862189862
-0.021041247658625545
-0.02270680564988661
-0.021028099782431017
-0.019638482740020686
-0.020667778905182347
-0.02357879598673207
-0.02518794720457569
-0.021894301435823726
-0.013639585385547695
-0.003647007892014741
0.003975912416561554
0.005980413035720451
0.001253231466757005
-0.008814503941073833
-0.021519558185313516
-0.034427606922081355
-0.04673621857542473
-0.057906034209145786
-0.06421565805983723
-0.058923617335133516
-0.03834528756765112
-0.005561905200441386
0.030263323427887307
0.05653130411473433
0.06409519753060025
0.05186278024545991
0.02639459991481426
-0.0018105776678512635
-0.021446258158836867
-0.027492903929233342
-0.022577616871381045
-0.01133996510344805
0.004446605150941566
0.023776067576301258
0.04333799826668398
0.05796326323873549
0.06313126661985288
0.05621008974103863
0.03830905073813936
0.014850143812604528
-0.006071190117138614
-0.016265476916802475
-0.011465318056909993
0.005902422037781026
0.026230695480715625
0.03774175975976963
0.03275695505383311
0.010946453855805867
-0.020744598188076294
-0.05160775749363162
-0.07182284326317295
-0.07491119633339527
-0.059015504462384245
-0.028365909752451554
0.007741858430510308
0.038188170858254544
0.05389009395099024
0.04978103318132557
0.025988479368770377
-0.010872993489375628
-0.051060587123797234
-0.08195575275085802
-0.09249942030939855
-0.07902547842975381
-0.045367614289496656
4.629511925181266e-05
0.04802004824999219
0.0891129993767298
0.11606844789280409
0.1255212281875994
0.11761387836857796
0.09704793589033074
0.07108976077278924
0.04587128730781817
0.02710726989572147
0.02064862033636855
0.027184368745713988
0.0399236329580008
0.0489652317200119
0.04614694868957033
0.029461064525730857
0.0038197573357584406
-0.022494865010204198
-0.042698200739043846
-0.054518996584347855
-0.05996558035662894
-0.06240944903902921
-0.062468240355346226
-0.057907103142169736
-0.04781127740785386
-0.033387999664519476
-0.016773935466046573
-0.0009166429582803661
0.011166477273661653
0.01696786047299464
0.014244728926807688
0.0036937963238571044
-0.008308902732028358
-0.013586167513316438
-0.009399543318921922
0.0010857177391902092
0.01300008798141043
0.022876626217144695
0.029817985373707206
0.033887951973661484
0.03535252588873558
0.03526300685926099
0.03277227779760328
0.0243796323857105
0.007824717184989548
-0.014351293326733355
-0.03772547497627791
-0.05921412044079508
-0.07729972717540204
-0.09069029227917899
-0.09712309010447585
-0.09343708013544202
-0.0757096070766655
-0.04307286176393683
-0.0020939949809483244
0.03508221328338401
0.05630863714328471
0.057009733868567274
0.04246611893442178
0.02461483465250632
0.016074573701287488
0.022266935599252073
0.03893017071682648
0.0555873129161644
0.06158690507710295
0.052978170743138674
0.03536169404505634
0.01698329422134807
0.0025568425691887453
-0.007516609574679772
-0.014570765832953723
-0.01840222469629968
-0.01852956750969851
-0.01640837270569971
-0.012860419547989336
-0.006387084493399749
0.002652360368568106
0.00983982038636173
0.01070821746373439
0.0040405836867664436
-0.007368858363085301
-0.01845449552117063
-0.024270609439829754
-0.021957093028418816
-0.012641189607339787
-0.0010436482355204797
0.008935926510032347
0.01605446131531386
0.02249029737716726
0.03086454480720559
0.0406712817164762
0.04821451183473308
0.04891466296541755
0.03984555973444415
0.02209892399557297
0.0015008086889454235
-0.01379965399460271
-0.016376218378083254
-0.0039234524727709864
0.018550802275347278
0.04119955663947191
0.053739744409891405
0.04961205953792491
0.027609253177608973
-0.01041212712738228
-0.0598442564584111
-0.11127897014058934
-0.15340504503497052
-0.17734585574666614
-0.17889695979002865
-0.15851725833479968
-0.12101871783950545
-0.07383991987935856
-0.02530324396505082
0.014588707462632567
0.03496900094230557
0.02987791551482281
0.002476469906246351
-0.03548041961376983
-0.06759920109590302
-0.07905269510905583
-0.0627309923151938
-0.022321068834353204
0.028423480018352754
0.0713935433156329
0.09422957063427195
0.09619500956283927
0.08569414043806518
0.07327231644364338
0.06593170669135627
0.06583024027969865
0.07238621207960097
0.08346208494564063
0.09670102601125175
0.11047784595195063
0.12368907698455638
0.13516682755479104
0.14156603621545083
0.1386823427065055
0.12271906137813422
0.0911469733572555
0.04590664432322561
-0.006119477110854932
-0.05202151679951585
-0.07558223959558151
-0.06832800785419095
-0.03443362583726234
0.012823853816008668
0.057249174865931125
0.08578758985204321
0.09267624649924433
0.0816171887719275
0.06262319453100974
0.045023294517360285
0.03365640463555139
0.027944429461109747
0.02472000121693913
0.022096251663013107
0.0206193356827933
0.022473708358891793
0.030705417681467822
0.046802410197292144
0.06933074925626928
0.09430357368977589
0.1166502763602995
0.13120318278919157
0.13341949207591727
0.12358946064928635
0.10789826388831787
0.09450819213824427
0.09091053359492042
0.09859969773863106
0.1138359812722934
0.130852613870146
0.14299314402803565
0.14613880835346488
0.13895927858532467
0.12172043125691721
0.09384278133083805
0.05366878370222485
-0.00024402199206358338
-0.06587439543614933
-0.13711499910374075
-0.20684528263411406
-0.2673565121866587
-0.3121379811637556
-0.3388376257846379
-0.3496867615111752
-0.3494083866840546
-0.3439515658224288
-0.3384193440698062
-0.33568854909609375
-0.3368609219465105
-0.3400593751181993
-0.3402773963422756
-0.3308988246670273
-0.3062434733416326
-0.2642873176852502
-0.20867443260212828
-0.1476506496646017
-0.0901885926756709
-0.04302743211041913
-0.008732890904695575
0.014920598832725136
0.03384523576551227
0.054070620293611225
0.07945087266047561
0.11142866187675037
0.1499406331043624
0.1937962416314878
0.2407577583981134
0.28716618455046433
0.32638624168082314
0.35112533979736316
0.356452984214326
0.34098922351060623
0.30829874375702
0.2663283630688574
0.22479254476773727
0.19191195938712313
0.17294020717566513
0.16785319602751594
0.17283886410243335
0.18237008763606283
0.18847505192547725
0.18529888189605692
0.1710160866197542
0.148081306334826
0.12221403163712848
0.09875970878975401
0.08156402991039051
0.0731669854279761
0.07307793508451971
0.07758636567705395
0.08172691885811639
0.08151670906767661
0.07304775828299755
0.05234100443524979
0.017565069242192265
-0.02971254335345668
-0.08319999079073087
-0.13448036698937477
-0.1753277513102652
-0.19991645877289776
-0.20827674840441188
-0.20599955104812992
-0.20165442053140767
-0.2041773080319627
-0.2199961600636755
-0.2509984656699825
-0.2950224311483794
-0.34678802071427745
-0.3999054405401894
-0.44823198477839366
-0.48597929887860697
-0.5068843398022966
-0.5076424599931258
-0.4905440540189414
-0.46372370219197045
-0.43978494712070554
-0.4310353191916234
-0.44334449409044485
-0.4742847604685544
-0.5141432172910605
-0.5475403851119007
-0.5565568351688831
-0.5287082519984936
-0.46304287408133427
-0.3704342170394502
-0.2722106603868222
-0.19430102469564184
-0.15752619297036752
-0.17173995984100854
-0.23221200888694468
-0.3206580762823496
-0.41013290948768505
-0.47491871997737145
-0.5010241200625571
-0.48929504689326947
-0.4503040703325039
-0.3967668476178416
-0.340097568917401
-0.28606321012098673
-0.23201906647612247
-0.1723523351253036
-0.10523094709110432
-0.03373480676157695
0.03494764694951183
0.0922405329535606
0.13251735371651566
0.1571093502038373
0.17438371899888666
0.1960009982189931
0.23335494496639436
0.2931244583387465
0.37303682227590634
0.4641187962827443
0.5530865029938347
0.6250968206642842
0.6686657084641405
0.681092877123682
0.6688568830241923
0.6439207312159688
0.6196333395276631
0.6072534505980268
0.6120546043878878
0.6344413509340007
0.6700672441097678
0.7077167097254814
0.7315308929866481
0.727746047825708
0.6915622538370584
0.6262570241233515
0.5381119847126131
0.4318715537188179
0.3116567557389369
0.18446918430543197
0.06147984732347393
-0.043134613202474
-0.11435449601452431
-0.13922416841122018
-0.11437838255632865
-0.05121451347924543
0.025596879866728716
0.0851070495310673
0.09854189312972077
0.04943358883573459
-0.06083865196034093
-0.2148049279456916
-0.3851908374350212
-0.5433986807721971
-0.6659444516620263
-0.7381595111193702
-0.7562343462981204
-0.7267909972816211
-0.6621542618359664
-0.5744770861872474
-0.47627256476500734
-0.3801351131342267
-0.29424753693163597
-0.2214847726379458
-0.16180015721538013
-0.1157537704556779
-0.08360001841853824
-0.06421845373082292
-0.05344858349929203
-0.04340217536092934
-0.022579947967629417
0.02053179829069387
0.09332681558274117
0.19560446517991786
0.31724382197824963
0.4399769439369296
0.5434665169064091
0.6120595379249214
0.6400339262896676
0.6323108851916596
0.600248239138407
0.5582897400519335
0.5196930353257696
0.4908005979446884
0.47117745439356135
0.45652813842847106
0.44022320966052325
0.41594239602159566
0.3825426380938128
0.34504981227891585
0.3108992522402369
0.29001102645527005
0.28999528024957116
0.3114654167276506
0.3485426742730844
0.39125390777245866
0.4289665226622023
0.45396598819569034
0.4605012802528602
0.4415852770098818
0.38703322572740884
0.28804714981343005
0.14484724947087813
-0.03032569566983454
-0.21877206730002316
-0.40125311840653327
-0.5603174237727414
-0.6815385399690502
-0.7554227794560938
-0.7789421838795032
-0.7544204491821017
-0.6869276069220813
-0.5847392543452127
-0.46015593266050847
-0.3266077574936316
-0.19784568882866319
-0.09053414583206568
-0.020596069944399036
0.004495792515166515
-0.01057057178049707
-0.04803176540044697
-0.08330264947383827
-0.09444068490650123
-0.07004200084527934
-0.01170364900844128
0.06726857188903487
0.14657435744791417
0.20556556424040795
0.2310934938158113
0.2212232951751652
0.18390565103776949
0.13197429462754262
0.0778317269188581
0.03188643244425514
-0.000521892159458495
-0.020544103354311827
-0.03297315086920699
-0.0412224153610609
-0.04506111830128452
-0.042094253580514496
-0.030393067229309154
-0.008642730515406613
0.02461973529929302
0.06945741781960685
0.12279421559227932
0.1777943553758286
0.2231465523620953
0.24581759397976916
0.23735694798243
0.19977355065015792
0.14534500224475932
0.0898945538684686
0.04632994180070812
0.024098219322033338
0.02885609365826704
0.060067622347607146
0.11388905790821317
0.18371941001475126
0.259930058889987
0.33315402667070115
0.3964778656860987
0.4443842370202752
0.4726784830360329
0.47661256769223936
0.4487767294925199
0.3825418980632577
0.27862454632015693
0.14857050764451563
0.013447954473320253
-0.10055674965424127
-0.16939833871362953
-0.17859490398514674
-0.12853183693673395
-0.03593687868267982
0.07021590802571359
0.15715926115349382
0.19846797229983404
0.18075575209305306
0.1042232721519924
-0.01756620395570999
-0.1610077078293588
-0.30170712715204995
-0.420330366084893
-0.502764425251158
-0.5371696791391964
-0.5131980338210408
-0.42602078992505954
-0.2828266453757135
-0.10421250059613571
0.0815392388867967
0.2433792755265317
0.35312346340877804
0.39168119319237665
0.35512976846910693
0.25807562454467564
0.12989254756340826
0.00816724854995124
-0.07388867967037394
-0.097473494572287
-0.06069821060611791
0.022313894649250182
0.12549265478561314
0.21917427390668703
0.27964735077283853
0.2943531968497721
0.2623967040683591
0.19241600242072213
0.09895742028637537
-0.0026350633877283195
-0.10025707839225895
-0.18560710462223085
-0.2526969591322237
-0.29738288194210327
-0.316902503441142
-0.3097757625192613
-0.2764449918843315
-0.2204169496598326
-0.1487296142138491
-0.07272526941223482
-0.005237829375266205
0.0436617616345137
0.06745633408597182
0.06354831495042616
0.03491985469088923
-0.010223707125507535
-0.060699896231271054
-0.10567200530190779
-0.13645970204725338
-0.1478785790755538
-0.13954192930899234
-0.1162252110320466
-0.08770484456891575
-0.06481298605617983
-0.05821183127961149
-0.0773917376410786
-0.1259578873278812
-0.1994471971753856
-0.28941785085259736
-0.38641016111287435
-0.47945634066402115
-0.5594240424415746
-0.6216573230956958
-0.665585125714746
-0.694764119371862
-0.7159964182521136
-0.7362045970698078
-0.7593975657928276
-0.7859054602743375
-0.8137770666175504
-0.840051851474223
-0.8598970041918619
-0.867403791916564
-0.8567691417125621
-0.8231980667112876
-0.7653243882825205
-0.6867290320564791
-0.5971508001374812
-0.5106490396870164
-0.4408312680999139
-0.39822853130247016
-0.38846423925681195
-0.4095543700448787
-0.45119169587046504
-0.4985881861522193
-0.5368703778924916
-0.5516237092633735
-0.5306824890681041
-0.4685334896716402
-0.3669686950630095
-0.2342386647875372
-0.08435764525566411
0.06676539222441673
0.20620902080801468
0.3261618890842204
0.42319346207672304
0.49807715394115604
0.5555594384319245
0.6018393048317416
0.6428489202954202
0.684363812176956
0.7297671534971377
0.7789504064412259
0.8302160231415776
0.880797522706604
0.9270424432190999
0.9652596767217632
0.9909917725047402
0.9999999999999999
0.9917112466554728
0.9686362716931733
0.9354446679153996
0.8992518291088551
0.8676040112945107
0.8416589511629168
0.8126357750504454
0.7669499887350903
0.6931734648066135
0.5880504799509277
0.46086307296865714
0.3302812280560383
0.21594983743995472
0.13043938903077376
0.07585272076344841
0.04505351243169106
0.024861211380683226
0.001254468140040093
-0.03560206419189485
-0.08904438209915422
-0.15567562322906575
-0.2273049485020959
-0.2938544162556756
-0.3457046570945085
-0.37654641718318055
-0.3846622911674886
-0.37322450224722603
-0.3490847877674593
-0.3212458661070939
-0.2967982989164308
-0.2781334538212711
-0.26503404962809346
-0.2565362376517679
-0.2505402223051787
-0.2454302702098233
-0.24203229657793424
-0.24051284939720396
-0.2409414915398062
-0.24372075851487376
-0.24858826837783654
-0.253677910745737
-0.2568772272864066
-0.2551668933352848
-0.24345274411552367
-0.2178379431755204
-0.17973874454638591
-0.13554596987582285
-0.09347083375131354
-0.06108771335492029
-0.044805972211030394
-0.046912592524375775
-0.0638421070807768
-0.08865048027983022
-0.11331413639256482
-0.1301689489757155
-0.13216690813589593
-0.11431502771825555
-0.07632494248318074
-0.023388369679797
0.03700893628008018
0.09808599319500791
0.15455723149635822
0.2047424446991611
0.24942273505426066
0.29075093367188354
0.33213582685258425
0.37486157317339897
0.41626060916026264
0.44998667945000925
0.4681285285067992
0.4634926482075637
0.43165118906465066
0.37393891952249936
0.2987030553394849
0.21791050728272288
0.1417476726039044
0.07760729209663812
0.029796479263521587
-0.0019238455112213298
-0.02302741977657655
-0.041019096077344705
-0.06290243272711125
-0.09213672311181204
-0.12707689575271797
-0.1617289498308619
-0.1881715160594853
-0.1997477729191574
-0.1932438088221509
-0.1714547602876581
-0.14273158433963784
-0.11771435807282886
-0.10497588322646742
-0.10920573342783796
-0.12979634359125314
-0.16093312919453426
-0.19142974725489773
-0.20904683242254754
-0.20619434353533972
-0.18108716244328488
-0.1353562342640725
-0.07384193440698061
-0.002780627809032648
0.06994172670507151
0.13656630755998767
0.19036406214283247
0.2241067831200675
0.2338530677555531
0.2207472088514232
0.1908860714737955
0.15499175277059216
0.12378289641381192
0.10227801961245421
0.08790650289516397
0.07413950891572367
0.054692780426356266
0.02513855016502681
-0.014102992519113344
-0.057111446957076574
-0.09608334717464556
-0.12442507848435162
-0.13809418286648367
-0.13797507905993095
-0.129233838143806
-0.11647747922569779
-0.09974571727872675
-0.07671522637534678
-0.04479487175270481
-0.00297751293820087
0.046654815214370406
0.1005504182817148
0.15345758720437833
0.19861951411238266
0.23048465423305697
0.247268300544498
0.2508944091513823
0.24550805564371966
0.2382222903781227
0.23743954361493413
0.24867966215138393
0.2736686028058669
0.31018060034567646
0.35306829001961904
0.39625018295199826
0.4331460507858302
0.4592403504126903
0.4719918991321908
0.47051512704680115
0.4550768562844217
0.4256762645888801
0.38138580588505183
0.3218735764690017
0.24837427620900435
0.16602470386443952
0.08510655617736393
0.018587927141525084
-0.021676370659926357
-0.03079355532057301
-0.01570447208686972
0.007275178717379042
0.01933214298048128
0.00403638154659808
-0.04739965596801752
-0.13265832953725068
-0.23973717403709688
-0.3503792656594576
-0.44498900643497674
-0.5077588092415015
-0.5312424455214172
-0.5190492087428854
-0.4838619892350221
-0.4417299940962006
-0.4072087198622556
-0.3889177546486252
-0.38787998513360833
-0.39907405732441126
-0.41293252730301616
-0.4183417395322678
-0.4075776250939427
-0.37801032095947423
-0.33314526964246655
-0.28165784933964605
-0.2334446942275972
-0.1983920780551339
-0.1837946464545136
-0.18962822509427166
-0.21032001387968416
-0.23743987251740303
-0.26135108200689705
-0.2723825530396344
-0.2641522209961469
-0.23531121573864092
-0.18950052871071874
-0.13268706739047137
-0.0726157037772804
-0.018221665463431798
0.023872900574428157
0.05077082404869072
0.06228195821951937
0.059911475900493845
0.04595902204139895
0.023735793468983673
-0.003372375974990256
-0.03273787871063654
-0.061427099590023064
-0.08609688151124106
-0.103691519085388
-0.11185956522382634
-0.10925589105434619
-0.0977833206979968
-0.08166031610816286
-0.06563141873724475
-0.0537146655966373
-0.04846817786387713
-0.0500995752224614
-0.0543713604886175
-0.05686781245323417
-0.05590770503368783
-0.049884843023074145
-0.037689386152877154
-0.021325049376483142
-0.006503339182315571
0.0002323428298439522
-0.0038970942289128286
-0.01698786596566587
-0.03288697431107266
-0.042259485958331344
-0.03607767360705692
-0.009542023868452166
0.03671486047135013
0.09690301323996887
0.16162402994328076
0.21897023103753926
0.25861124221528964
0.27449353131069276
0.26516470613386656
0.2347327174086432
0.19221878427780417
0.14860438459881298
0.114674435891153
0.0996497599834233
0.10863619769011795
0.14060469541164608
0.18817114604420776
0.23996650128354186
0.28425214978876234
0.31345387882904135
0.3249210634074624
0.3202423024488433
0.3055091574669905
0.28900273482402894
0.2765412780821039
0.2701842511630813
0.270170149469727
0.27521427995849246
0.28406109856713635
0.2958467018482674
0.30972457707253775
0.32467187867445724
0.339070982086327
0.34892313220399185
0.3480390423675715
0.3288744710837172
0.2857387478354106
0.21783255739759208
0.12929912528388393
0.030237459359988682
-0.06638041188456181
-0.14939136598128872
-0.21170029420325842
-0.25028873525489115
-0.2652575388557154
-0.2600727614486838
-0.24131570032380448
-0.21791198734383296
-0.19777908607870961
-0.1836149834808735
-0.1730205416036955
-0.16206204580624683
-0.1475078237674791
-0.12694804821052388
-0.10019438135912366
-0.06993116071325789
-0.04100546718128939
-0.017492912151795065
-0.0014998606275788006
0.006420607877543032
0.006164216069187923
-0.0020061397868383095
-0.0158443543068956
-0.031011301088831617
-0.04282454039991251
-0.04646943756033304
-0.037997173083279746
-0.01604540005229549
0.016240965460307226
0.05027307127480952
0.0738527059628373
0.07404083817505176
0.04217561582876021
-0.021424694490719192
-0.10559619328282487
-0.19182451244320262
-0.26053519831996613
-0.2968092349235219
-0.2942341752688366
-0.25683126316637694
-0.19812702377800398
-0.1360512462936803
-0.0887747231874596
-0.06901208387670761
-0.0786516396610331
-0.11054136524125817
-0.1515038654262658
-0.18521048935753834
-0.19781995221047124
-0.18430444528131848
-0.14887527689476598
-0.1021190363815466
-0.05789604379665275
-0.028753981775514196
-0.021427140702831683
-0.035106753518845284
-0.061654330083228764
-0.08860077489421674
-0.1044530105265235
-0.10272187349424337
-0.0833169978440443
-0.052149624311154885
-0.019167901421352017
0.005993737696992022
0.017540915467131952
0.016029004264220506
0.007071838877258531
-0.0010895235518835421
-0.0021681739992731254
0.006373435040940134
0.02174641044067997
0.03627183295701409
0.04159004609568101
0.03253927917734915
0.01060995785114861
-0.017472269410590328
-0.04332471882950189
-0.05887074626325682
-0.05827296602601947
-0.03902579088709929
-0.002697979552133508
0.046915963774682067
0.10518083057740472
0.1663742449632698
0.22284498991091675
0.26539279999605314
0.2859283601087351
0.2800542442396844
0.24939087262758536
0.20382953478390284
0.1597215347247004
0.13246386595250978
0.13026667412178927
0.15356221930229916
0.1955811953302427
0.24415770544481588
0.28358801347842316
0.30010504322600695
0.287789125826573
0.24807563276723735
0.18820485854727065
0.12112877682816324
0.06149218116605792
0.01942263638352001
-0.0002884442173190173
0.0026494224472646
0.022711106049667557
0.04993948194572122
0.07460605706786737
0.09089528074292488
0.095856527809526
0.09003487188426579
0.077020118964023
0.05964592826966055
0.03916501530218736
0.016246223788528864
-0.008256364673901425
-0.03304913145080523
-0.056606869456965574
-0.07769593131200837
-0.0950224311483794
-0.10798044839273584
-0.1175178799604659
-0.12357979913926222
-0.12392498228037947
-0.11752425244580098
-0.10551614664445477
-0.09001032753752365
-0.0738415643917031
-0.05891099570288924
-0.046126885638967045
-0.036619581537388805
-0.03019963557606445
-0.025011651369961006
-0.020603248240782916
-0.019305177089311818
-0.023950303659204416
-0.0347181223615855
-0.048533423891146434
-0.06096700614883165
-0.06702629410787672
-0.0636690221565148
-0.05223822241371654
-0.036055653586763645
-0.019181711213765225
-0.006721241179246911
-0.002469791952743293
-0.008036592044178179
-0.02367599900013649
-0.04604215214041504
-0.06891612658140418
-0.0878818763228046
-0.10083265771284511
-0.10604276060998251
-0.10235383163153713
-0.0911822481470457
-0.0756598194654348
-0.05879945665312136
-0.04365358018559966
-0.033725428929932265
-0.03186340104886997
-0.038874397080661684
-0.052269262584219586
-0.06843046097325528
-0.08496582703348061
-0.09979587490523496
-0.10929540046342356
-0.1096585087890962
-0.09884115326361696
-0.0780045651662684
-0.05223004096480249
-0.026813913561142145
-0.004494678358053094
0.012924847430367235
0.025206768648358854
0.03343354854518215
0.038953674909510703
0.04296674960490591
0.04651893738190346
0.050075359778188167
0.053663110134636226
0.058257343158746415
0.06558931922122473
0.0769042219565421
0.09258127591134761
0.11075638523030572
0.12617286620412016
0.1311386356796687
0.11961249533369621
0.08886241680823177
0.04010406885244284
-0.01985253657806582
-0.0804296041823238
-0.1315600008551464
-0.16675375729957914
-0.18509915587181353
-0.18962769062775967
-0.18546588212464415
-0.17776606976350265
-0.17073022926146594
-0.1664243614769694
-0.16311543818853674
-0.15764944917059018
-0.14969021498709878
-0.14081946872384196
-0.1320216154702565
-0.12561430758629988
-0.12260641228253379
-0.12146392844397885
-0.11830617695281728
-0.10910874831231919
-0.09156328165727375
-0.06558175446443988
-0.03219202395067778
0.007423073823803658
0.0519647811236295
0.09861799293846397
0.14238393443000377
0.17791267803901767
0.2021769643288827
0.2144865092429816
0.21538926429451238
0.20747171849895488
0.19428741635599084
0.17905339402680223
0.16384786287398265
0.14958077269057019
0.13728014925594037
0.12726490462650658
0.11736535144051058
0.10493464707942829
0.09031082105567825
0.07391499186788646
0.05499689187166883
0.03368175479334235
0.012998291351674029
-0.002234375488214602
-0.009722324090625786
-0.010514543244918866
-0.006048968644083126
0.0016375453679843045
0.01007769909699827
0.015665291580261247
0.014195767683030111
0.0038134522754295053
-0.014812204912816176
-0.038923189761923944
-0.0628830685942544
-0.0792851058161468
-0.08214902406414912
-0.07059139130677883
-0.05027890929363261
-0.03111036240118536
-0.023191657224424952
-0.03185131388313766
-0.056124328422271295
-0.08979575978937085
-0.1231824438440147
-0.1473371644989253
-0.1571569588362115
-0.15237664924031752
-0.1373346648401616
-0.1198406303086914
-0.10854879185900608
-0.1096114757360426
-0.12402747651225242
-0.14811390879205633
-0.17472310523398943
-0.19527116364048985
-0.20199972701095079
-0.18995157733401524
-0.15966911589371846
-0.11900197012578873
-0.08054985914751768
-0.05501625600452569
-0.049379073251513354
-0.06710177722449073
-0.10381156848653883
-0.14892975136617861
-0.19047079099399258
-0.21782791165021878
-0.2230531851737345
-0.2035233676981596
-0.16340840806271512
-0.11255942856485052
-0.06309315504626835
-0.024913568542452264
-0.0038901486310256982
-0.002200967631063522
-0.017759199813183395
-0.04309033470759748
-0.06833351697054513
-0.08672537301651254
-0.09678037373187541
-0.0991974779758684
-0.09598426530588751
-0.0904358862194799
-0.08407902375169178
-0.0752254215296267
-0.05950737810463373
-0.03272488706311474
0.004549436507845146
0.045559117752017396
0.07974836494360144
0.09780790615754756
0.09478315460225001
0.07004450872660475
0.029752817460774263
-0.01439517713864719
-0.04984290795828858
-0.0658207843337176
-0.05654848926873469
-0.02344706232537334
0.027339051576840658
0.08740324100492859
0.14608083929332014
0.19334157508103333
0.222689419043124
0.23033919711618314
0.21507668361062549
0.18073708687794263
0.13816555470223638
0.09734896387499732
0.06371757638348712
0.040101922763833224
0.027433504143348848
0.023624809442132074
0.024368256471567203
0.026225634493975324
0.028298077729520473
0.03086194236642037
0.0340295855993343
0.03672755610664991
0.03535570802012225
0.025233524864204392
0.0038577048692366002
-0.026408253478554734
-0.05919023389899076
-0.08574845045824335
-0.09741186647217566
-0.08909778763754289
-0.06031577926039701
-0.016420061077188474
0.03339471749744689
0.07973179648173029
0.11513218590225346
0.13533444447550744
0.1405237442914865
0.13369984031785132
0.11920371067765419
0.10216660390111218
0.08774291502969167
0.08078720339164225
0.08425453433166195
0.09907845639493292
0.12376127107648133
0.15431976391380778
0.18566470366709806
0.21263199267205296
0.23052913829197655
0.23732389328430492
0.23411795758144854
0.22327905894425593
0.20765454715885823
0.19037573818047862
0.1745764969584744
0.16198754939703952
0.15308062386220303
0.14882417367365966
0.1494234750848157
0.15421356952915966
0.16261431416434924
0.17387149451637357
0.18732315325374987
0.2010175009003705
0.21340026772660967
0.22384563455975579
0.23151527011937512
0.23536203117008694
0.23460333539993716
0.22843283729359312
0.21629045705931588
0.1989139640476711
0.17821489829513404
0.15599330190122068
0.13517685908009267
0.1200777689887729
0.11358663208805375
0.11653783282874211
0.1281433620081469
0.14453927342155592
0.1583577817501887
0.16093839163403678
0.14563410751492803
0.111220959967636
0.06280207636128621
0.008679362027881062
-0.041570640850015536
-0.07795588760087026
-0.09598759544338518
-0.09783351943731364
-0.08972669027090051
-0.07895044755403456
-0.07099840811205049
-0.06847506837060072
-0.07224955310377036
-0.08162080669908549
-0.09321914113698294
-0.10339049110072143
-0.11027881884545364
-0.11237220083442555
-0.10774384417916631
-0.09581710062606584
-0.07787382643487813
-0.05825101178621997
-0.04286528319324828
-0.0361534691810164
-0.04024475277223668
-0.05410400389420523
-0.07321730750571878
-0.09043864077765698
-0.0981623396806028
-0.09154276636577571
-0.07119685963922687
-0.040680223752349594
-0.005502353297165025
0.027253861726113042
0.0514611492181166
0.06418815359087493
0.0647981032194618
0.054499262436213475
0.03655881680625835
0.015775469796064024
-0.0037112943463310103
-0.01868705423437261
-0.027423299944251026
-0.02984137445052731
-0.027731896796983305
-0.024022777318227936
-0.021817034023315893
-0.024020586005528848
-0.031711645449716566
-0.04517088950028203
-0.063392579631399
-0.08339190538133773
-0.1016216125101343
-0.11522542975218843
-0.12302288503378649
-0.12596783662756564
-0.12645576344018825
-0.12790350988269691
-0.13409592111603183
-0.1468337792702641
-0.16543415948151816
-0.1863743518565722
-0.20466539929581978
-0.21471139630609634
-0.21282333168333925
-0.19838722674371753
-0.17403993369326226
-0.14604585229319023
-0.12312537926565945
-0.11217280371265105
-0.1149331999085651
-0.12960282560111036
-0.1501305742801558
-0.1653257861180135
-0.16347443523334806
-0.13869677330232877
-0.09273343441602543
-0.034311204227054526
0.02436964197321747
0.07146335286465827
0.09938795361817382
0.10520878728726175
0.0937056701141127
0.07522040576697588
0.059110310599046506
0.05061751438537173
0.049565602064191895
0.051714239667940066
0.05206213625442579
0.04727755092643602
0.03740842533009474
0.026295316593294003
0.01989650672687774
0.022655661315971663
0.03444961049725119
0.05147516868585374
0.06790298363874668
0.07678429589381712
0.07376312115286891
0.058296934793441016
0.033823207522657266
0.007591064871078454
-0.010949430423149472
-0.014468797845031021
-0.0008289086358276746
0.02593088443518401
0.05718507999730299
0.08185116176574579
0.08994356033633565
0.0766147877839045
0.044960433032990556
0.0035075261107447497
-0.0375019775260943
-0.06879056806389917
-0.08594632640609916
-0.09097577962218974
-0.08952827985653274
-0.08609281134318833
-0.08382387766143766
-0.08436590893019537
-0.0868878508361523
-0.08930470840329362
-0.08929389573462833
-0.08563164896897298
-0.07874558242871449
-0.06911519480070977
-0.05690214164842628
-0.04284575460915697
-0.028215223086322093
-0.014971837726099889
-0.00475959285163374
0.003128971291748001
0.01024016458279544
0.0165749083595496
0.02118288539557922
0.02410827140373929
0.02572801328108169
0.026653672278290953
0.02765907367908657
0.02876398452184981
0.02955610089412136
0.028578023065930144
0.023551534083340594
0.012914343107766537
-0.0018305087463389043
-0.016393321306466386
-0.026158160152479182
-0.027049539289866677
-0.017515002063862993
-0.0006453802359217409
0.01726605578514775
0.03051539428005716
0.03436507022889967
0.027163405324602066
0.012362814780219146
-0.003437588700884583
-0.013772301643032281
-0.013138087234801825
0.0011228861849451473
0.02596303465151961
0.05327903427657079
0.07352454352448597
0.07871158213599129
0.06511014943683674
0.03504360424481526
-0.0039856853422970216
-0.0423248964368351
-0.0720075631122725
-0.0882293617812042
-0.08886365019249015
-0.07650670221006013
-0.05767633694742329
-0.0390184645846044
-0.02451440017234489
-0.016378232905705305
-0.014850106811076775
-0.019204417817962345
-0.02865173010921206
-0.04137149040509272
-0.05453330384174528
-0.06497653280884352
-0.06954626259902019
-0.0650787803638648
-0.04950923640358306
-0.024963845396105463
0.0029926786310421434
0.027646332819697306
0.04288366061869842
0.04532362358428043
0.03458589534652341
0.014089232062070474
-0.009235342872601273
-0.02834215477163479
-0.03874470672589104
-0.04005513638763129
-0.03332149558530661
-0.020881894412440406
-0.006677225806345515
0.0063987235295181735
0.0176937934459605
0.028306057725672313
0.039819506547625894
0.05426187707928029
0.07273081964139763
0.09458729318201625
0.1174801384021589
0.1380608814915069
0.15324055268770873
0.16222896380921684
0.1645448894312125
0.16044947811400745
0.15240333145310753
0.1432082051298918
0.13534168032982338
0.12940955428781925
0.12551740469639835
0.12401703385886464
0.12484952712047531
0.12680953915830567
0.12715575011963826
0.12412890181110144
0.11798274248745647
0.10986612847259337
0.10120328968249398
0.0926705729316557
0.08410434924179758
0.07491415645561542
0.06449522515840765
0.05235087150931698
0.03836385411202089
0.023585855055970974
0.009440943917195512
-0.002070769944234586
-0.010229824711429195
-0.01559654274169809
-0.01786495017949852
-0.01655373115183289
-0.012044581085147915
-0.003202967358074473
0.009118393377219884
0.021174251705770426
0.029639378999248452
0.03241360143269915
0.028594912207708486
0.018734477859108048
0.004498781416352701
-0.011846923035177762
-0.02717117564542998
-0.03865376108195756
-0.045261666581700194
-0.04809483244885977
-0.04877734618464913
-0.04836580697043001
-0.04733461550479128
-0.04639436557180516
-0.046798052239579134
-0.049376030903675976
-0.05512508160892509
-0.0651062848328271
-0.07812950699164423
-0.09153442046562721
-0.10235966965036021
-0.10759834594948385
-0.10590560828044854
-0.09771330558492836
-0.0853148336657989
-0.07256525836111188
-0.06310154205922545
-0.059679229644637316
-0.0637039269310275
-0.07430544021128695
-0.08861290317275765
-0.10196741234338073
-0.10843877398315689
-0.10359013489934761
-0.08615127375703645
-0.05722261599156694
-0.021424221693420138
0.014112374462038897
0.04115848494366722
0.05381880434085478
0.04968795378262506
0.029696118786415666
-0.001914796582045543
-0.03822773782526398
-0.07175582938513328
-0.0967157443967353
-0.11085316478178142
-0.11382364742970941
-0.10745025761285876
-0.09722134971706163
-0.08889226470728502
-0.08691272408536334
-0.093242205422615
-0.10745864462581586
-0.12715155661315972
-0.14884514120605244
-0.16932084106939346
-0.1865366652249775
-0.20012675078895478
-0.21012908599648403
-0.21696404931563615
-0.22054690724785922
-0.22123797244784016
-0.21878723792640145
-0.21222004232974773
-0.20112459976680813
-0.18462894867970323
-0.162857167524828
-0.13735637240310944
-0.10996932162221275
-0.0830161343106122
-0.05987513217767968
-0.044585730895288965
-0.03896369410096976
-0.04205466194581989
-0.05125225503755243
-0.06201057256986299
-0.06850709524851048
-0.06539317001133069
-0.04937751096478605
-0.020716308464469486
0.01673450828258642
0.05670418347495325
0.09155037223536917
0.11434187438228004
0.12235377407360506
0.11974039728129217
0.11276421146455334
0.10749231601607016
0.10841690196897462
0.117534242858294
0.13400909086424057
0.15292488854317582
0.16803680583078295
0.17518722773042494
0.17268197762476503
0.1615719400147677
0.14543170915812478
0.128232124561943
0.1126808758014942
0.0996191309410064
0.08816218345193007
0.0761454850735837
0.0614482315736503
0.04333454479076047
0.022472055623985538
0.00039722891447384643
-0.020328824354570015
-0.03565452413568542
-0.04109733786341667
-0.03424507016311917
-0.01577465576245348
0.01189941586921522
0.0446285293290554
0.07651328025943825
0.10194636258537074
0.11679820024569013
0.11922249923119047
0.10901443552936028
0.0894110261263676
0.06686903761493085
0.04873808345242343
0.04128161780546405
0.047045839137091476
0.06694168394775055
0.098068972492242
0.13209607076665522
0.1604752147321994
0.17630701729862533
0.1748940522922035
0.15447512921755746
0.11699665177286651
0.07010478010403184
0.024814400336796126
-0.009097191501818008
-0.02622892762994525
-0.02549366204942417
-0.009576242059061015
0.015627911814670034
0.042057909857700346
0.06199285294935066
0.07038919851401863
0.06536870789020577
0.04942495514592579
0.028365831638115187
0.007770250936138651
-0.007827697863614012
-0.015042432529769782
-0.013811638378313486
-0.007075662368459568
0.0006724012182547448
0.0037699475236110855
-0.0007907214146752992
-0.010526770194200463
-0.020848613593867943
-0.02815751714815247
-0.029437856345268652
-0.02303965905970073
-0.00983122780936155
0.007015633556603292
0.023677462616123125
0.0361168541136654
0.04231141143560994
0.04333364030897097
0.04036905323779812
0.033824412127949635
0.024633536869144504
0.015609612503556256
0.009817060335513408
0.008301559984410022
0.011465067268777452
0.019512426757531454
0.031093432146598404
0.04299544634531799
0.05014142806162974
0.04740730295041959
0.03253846514373859
0.0074162573201355724
-0.023682079584530398
-0.054917215248576255
-0.07868337874928258
-0.09041816659896756
-0.09052797891077369
-0.08174821529297809
-0.06780468291335227
-0.05359839857387889
-0.04324763231335196
-0.038860542064159
-0.04022210372597161
-0.04616639504804442
-0.056180488518837064
-0.06793036476928313
-0.07658917450413841
-0.07786432937608846
-0.06930620490952714
-0.0503571058556151
-0.023439892251551183
0.0063547081566167766
0.03147585526975758
0.04437017643972944
0.04159370513564759
0.02488525415116028
-0.0005254101824915348
-0.027021492131830683
-0.04639539339202049
-0.05290860787096498
-0.044946166888401744
-0.025439224579539302
-0.0006512569007849256
0.023269833230003138
0.04168579782694138
0.05126935796593556
0.0497721528146651
0.038595183552245324
0.023414825772139655
0.009920960625440933
0.00258091535201609
0.004659795620005821
0.016837993333146953
0.03664290072243427
0.05811052931918833
0.07312685932676953
0.07701399315553961
0.06990139503982186
0.054122011304377854
0.03375869330338128
0.014249728244335066
-0.00032011349601945784
-0.008600902343923444
-0.012533839952769604
-0.016226678759314103
-0.023756296426639123
-0.037368085442283365
-0.05805700044237381
-0.08538978231590094
-0.11568112412285822
-0.14348785445407947
-0.16397798491324372
-0.17424134534265878
-0.1729366303613158
-0.16056759521315345
-0.13959019574630435
-0.11541232858014448
-0.09454206909254163
-0.08139661855371717
-0.0775673715594746
-0.08187180039566967
-0.09111136966499638
-0.10029259985890084
-0.10402313499966286
-0.09893665831802566
-0.08522845565490236
-0.06544801449802082
-0.042053469674370104
-0.01815321263709066
0.002670420403135756
0.01774150074907537
0.027061564786386064
0.03022926146595119
0.02693262679601304
0.018838246588048013
0.009775244497872822
0.002739476354379254
-0.0013194605012802527
-0.000963858141076136
0.004630720641754496
0.013455395891679258
0.021560712106735425
0.026035524755666575
0.025783301786104856
0.021676868124910577
0.015631628412568675
0.009447168396419566
0.00577264534611229
0.00478485256124575
0.004295014003022613
0.0020899864821085274
-0.0023813003323559447
-0.008411877983762084
-0.014709344776946565
-0.01915752454845802
-0.019044353320188195
-0.012443728898850977
0.00048278442252126764
0.018316771723596942
0.03816847782292877
0.056184599799698386
0.06950112073516279
0.07683104115721044
0.07849849444894857
0.07705675047649745
0.07417494815674833
0.07105259479380281
0.06988248314785975
0.07213258716326554
0.07750208441939668
0.08488179245267503
0.09237891866735297
0.09797502972456061
0.10095500943127828
0.10097190679561835
0.0978197877592368
0.09211176763698375
0.08452193203888284
0.07542243410850162
0.06526641922237589
0.05422360105446131
0.042295418553059363
0.030555454600769957
0.020525643703244455
0.013204377527409907
0.009013720166490428
0.00820333326207113
0.009975772221884182
0.011448502918187154
0.01019688101788736
0.0057609405295000835
-0.0024438863609079677
-0.015362343627432438
-0.031653565384988556
-0.04761529264919427
-0.05935168389841517
-0.06597475180197439
-0.06780780748680688
-0.06474671220869518
-0.05725534178722312
-0.04715972161695031
-0.03784441433159618
-0.03215827855736799
-0.030876081061302484
-0.03345294556828591
-0.03809792002078663
-0.04275736207063838
-0.045224582828331
-0.04315011273132121
-0.03519695502094286
-0.021850475181841952
-0.004425559504212418
0.014887548245880906
0.03311614532884491
0.04705648735452232
0.05388269364543984
0.05214514301501604
0.04311866143273204
0.029043855855203974
0.012054049364971557
-0.004677260341104749
-0.018120256609706238
-0.026391092992239542
-0.029068782551066215
-0.026256547214771664
-0.01905144527967399
-0.010503718242410986
-0.0028826619885772165
0.002949291050728272
0.006125450801946444
0.0052542169407794655
4.6106863701172365e-05
-0.007153106566044437
-0.012710403020640275
-0.012843328953448788
-0.006767020291637818
0.0038435982423452057
0.01729660260194743
0.030871538095950717
0.04018310000444018
0.041936914861951405
0.03627037756358918
0.023814882178913074
0.0066140066405408465
-0.011159701882802181
-0.025099669781921213
-0.032618663899500557
-0.03359298812826538
-0.029641726540620274
-0.023182978310526684
-0.016306170374767916
-0.011001672469054388
-0.00836342242753045
-0.006234346298120486
-0.003004597645387225
0.0013832996482388094
0.007278611636898252
0.014644328981405497
0.023229505676034354
0.03155662549355926
0.037267124718171694
0.038675986666293904
0.03532891891402982
0.02794529694137149
0.018491978068783374
0.00954725752898864
0.0032776117733927766
0.0012321237396868518
0.0029640304037442254
0.006669278700440564
0.010060431717380686
0.011044092664981589
0.008563148451773852
0.0026053351269481302
-0.004661567582057055
-0.009600206715201705
-0.009127832878077499
-0.0017550017842958936
0.01225359449285706
0.031040635077777205
0.05205921724501424
0.07142092444616935
0.08457356972650114
0.08852607292096637
0.08382128755449501
0.072914388331856
0.05777023860229606
0.04053741018906958
0.024064880945528815
0.011203236235842804
0.002607991014384549
-0.0022412240598734053
-0.0032979391793554495
-0.0009628541662897992
0.003286570254389614
0.006615704599536576
0.006610676503043169
0.0022304849831355257
-0.0063505475403851114
-0.018292790622332803
-0.03189964610094345
-0.04416490018632324
-0.051890654729699726
-0.05397018170216894
-0.05070685251848842
-0.042868654443554574
-0.03230930234852808
-0.02133116285112394
-0.011494080577815856
-0.0030474614485193627
0.003972810455151681
0.009652115747356856
0.01576677443704231
0.023358011981916938
0.03163161936775078
0.040596090500803345
0.05068255484859797
0.0600711991619565
0.06557608089685124
0.0649690091648673
0.057344515469105364
0.0426226353968126
0.022570788033870373
0.001234674378333221
-0.019208302978376304
-0.03794809672363805
-0.053584296880524525
-0.06552329205059178
-0.07474394942795637
-0.08254827054859286
-0.0893470545961653
-0.09430221696709166
-0.09720342453250624
-0.0985122919075192
-0.09807871622788335
-0.0958231853217406
-0.09344542603559053
-0.09297382100798739
-0.09317757608747489
-0.0923799464875683
-0.09005526383733799
-0.08572883964853481
-0.07872543715249398
-0.06861312518192417
-0.05754489929828658
-0.049352103249063035
-0.0455377802043471
-0.044702861287028245
-0.0445474959832786
-0.04256672197709852
-0.03702073154487134
-0.02688349287843929
-0.012058563551357298
0.004689010381806431
0.019218527733878433
0.028561619055293433
0.03211326825449815
0.030103485050560527
0.023320401984597495
0.015091081316201897
0.011175933219642713
0.01456098509578462
0.023929089449959952
0.0374018801709635
0.051982212954481535
0.06331520532558876
0.06762719891856868
0.0631870155883325
0.05023060174351198
0.031858989644505765
0.011978722477030274
-0.006938534706610775
-0.022715266665899222
-0.03408775200096039
-0.04059272336177791
-0.04269552840648398
-0.04082026220104821
-0.03499096340466679
-0.026366240299432808
-0.01760132251682747
-0.010748976702193614
-0.0065003338360059395
-0.004797897655418749
-0.0049640427375868094
-0.0059390576615363355
-0.006230535140762034
-0.003671803849145593
0.0038537309051560388
0.015887502199535258
0.030149391612658137
0.04504833221780579
0.05888349123392694
0.06973879388175626
0.07644980208293933
0.07900167411356672
0.07813341270846248
0.0745646975824024
0.06941527719077822
0.06450879238525002
0.06067687305844761
0.05784169266366597
0.055308773637809304
0.052227409745051245
0.0487667390800269
0.04561453781802812
0.04309962620234408
0.040380803278499806
0.03654215378492738
0.030219567065680176
0.02048397998299574
0.008231166633502334
-0.005634267854881652
-0.02011990961760154
-0.032650382431345715
-0.03973797984814573
-0.03891117248796627
-0.03104632509048929
-0.01818747605178898
-0.0021329637565924387
0.013630441896912098
0.026102156284586144
0.03420626378306908
0.03744101956476336
0.03533364277573949
0.03122746812523948
0.029038848315114874
0.029452615843560827
0.03225024791023593
0.03827919050524352
0.04671792337559181
0.055178569372930995
0.061358482312447477
0.06356784353451748
0.06150426833179023
0.05573729244198571
0.04736956139211258
0.037942308040185294
0.02887510422096983
0.02036389769159802
0.011428600207537457
0.001373949362175887
-0.009088463252549403
-0.01901978430576089
-0.02862569747879812
-0.03738354385832197
-0.04416366680206484
-0.04849292777466233
-0.05010426208264332
-0.04951404660219082
-0.04645961159907446
-0.04010610393646919
-0.03057432949120432
-0.018874750650815758
-0.0060061455426315144
0.007347709934334622
0.019427134124782308
0.02866545767600804
0.03518314522852965
0.03953871017607793
0.0413142202626944
0.040570760899416684
0.03809195455225684
0.034402491107299496
0.029678053818310984
0.0229763083329085
0.012837823948375468
-0.0005827012924222516
-0.0161454110705282
-0.03212563498732903
-0.04764649727093176
-0.06264535433485231
-0.07539464184987904
-0.08367139025429093
-0.08642746960530058
-0.08522450882527549
-0.08114159580188887
-0.07421125076675388
-0.06468750976429204
-0.05345577824079936
-0.03989005612720631
-0.02296116237421536
-0.003010423330367729
0.018663249918185507
0.03960127975950651
0.057989575436248005
0.0716032186395607
0.07849479429617338
0.07894382839184781
0.0745403176868947
0.0672439042038669
0.05894474931876076
0.05108533703458244
0.04555722656282119
0.0428093697735342
0.04160645010631772
0.04059930963371776
0.039127939771379884
0.03693920895667203
0.03394216743437984
0.02988644642261007
0.02445196626118474
0.018399864821085278
0.013106911392030362
0.008959299141729007
0.005238483068923156
0.0019670875521927106
-0.00020482865825882318
-0.0013935318040464869
-0.0017132225370549742
-0.0016446994078111044
-0.002020044960967499
-0.0026635611421467133
-0.0036243152661725453
-0.005430738895841521
-0.006873708029989326
-0.0059550916568955215
-0.002260126495889541
0.0030444450017514052
0.010201855667729569
0.018168893062295768
0.024165644328159146
0.026176722585568087
0.02349543565598775
0.016922772055788432
0.008639059141597445
0.001416231419066147
-0.002223461682040116
-9.780108143131775e-05
0.008175146320485853
0.020378176170029415
0.033875087775846385
0.04666143437655714
0.05653393533448558
0.06092248097710345
0.05931768360569198
0.05401503577636605
0.04757533099922214
0.04130509321918224
0.03488077285502143
0.02863836844641274
0.024003918872917016
0.02093620443261857
0.017680049434041077
0.013230615721866915
0.007415932528947528
-0.00021356081324424458
-0.011255552284803225
-0.025566102818200803
-0.04117998694257198
-0.056670100956612825
-0.07050752117720771
-0.08142601421187566
-0.08922910194825377
-0.0930143993500887
-0.09202234727824983
-0.08659644324870124
-0.07812346340877807
-0.06777084707186354
-0.05648496997942714
-0.045728009169800826
-0.03703181144679262
-0.030568273574495583
-0.025739376861382408
-0.022265541875040082
-0.019297032641925525
-0.015673637480409744
-0.010490212684781518
-0.0033382798894229892
0.004888580177377101
0.012327034302882994
0.017570265901200987
0.019804927945691622
0.018618465735763045
0.013303722518143081
0.004401216610232484
-0.0063641969928447265
-0.016525022077578222
-0.02522313976874867
-0.03171285416628979
-0.03452531973431258
-0.034525077168741765
-0.034167712302432394
-0.034629639374887965
-0.03646625131766552
-0.04052267535846257
-0.04673494407835772
-0.05330867661158097
-0.05830417064775696
-0.06010277379897151
-0.05793764995896941
-0.051995122376386115
-0.04338741586263717
-0.03389383932785491
-0.024549559846270982
-0.01662119727076731
-0.01105519723458804
-0.007903119311015108
-0.0062130539745396595
-0.004636377764219686
-0.0022540570119539602
0.001843616743109082
0.008630133550847498
0.017960200334493807
0.02826595218087004
0.03842171216758238
0.04864455181282818
0.058229304223272146
0.06471748100177113
0.06567314823798724
0.060674735192399715
0.05078611801349486
0.03652302399507962
0.019832325521351522
0.0030505708102347867
-0.01229212130580858
-0.02480406046542988
-0.033328484762770866
-0.03771766765392224
-0.03986199663532774
-0.042053181884709814
-0.04656120134915792
-0.05334115573038548
-0.06164898541810903
-0.0710682998866931
-0.08076459134690493
-0.08885032964249946
-0.09373103671702711
-0.09558012639721879
-0.09518240108669374
-0.09196631052010991
-0.08446157843583853
-0.07198643112864525
-0.054889094087484755
-0.03392629377897425
-0.011049749787446779
0.010679808512982602
0.027845174918555524
0.03835075145991583
0.0421211413573476
0.04098784212023687
0.038194736573790085
0.03714557058822562
0.040600765027142674
0.050154501934768767
0.06433048613429417
0.07914618563584247
0.08973335054589586
0.09361119287991934
0.09025433205664357
0.07963205680803442
0.0631072156268141
0.04365201789887235
0.02460081107348832
0.009553588901515088
0.0014250324380059957
0.00063927457271458
0.00634537966034242
0.016301286173104657
0.02588493676027779
0.031307091301680856
0.03196550470906109
0.028008886122453676
0.019595593858075293
0.008577817501887077
-0.0017280568606588243
-0.007647775879279637
-0.006948529230384667
-0.0003768088402405592
0.010114137379272236
0.02166085879723656
0.03066492567626459
0.03309953575416513
0.027221658063126247
0.01497858022671247
-0.00018572830518202282
-0.015069986334102416
-0.02609576735412764
-0.028740694115770377
-0.022275256831715405
-0.009758277241758114
0.0050991517605326895
0.018849815732391792
0.027659180572388965
0.028668417798228197
0.021462382602375003
0.007628868098598381
-0.00971343961268445
-0.02643630885915245
-0.03861087631129303
-0.043712618178768356
-0.041515179671196195
-0.03390846726515952
-0.024616039257798688
-0.01733425782335635
-0.014691563487221315
-0.0175896670355856
-0.02633777790202982
-0.040665172353116265
-0.05694234997525008
-0.06966384523165423
-0.07490556387861524
-0.07181425068617277
-0.061489919961584184
-0.044776042086359914
-0.02421592940437407
-0.004100256050572043
0.011301097054185034
0.019697652294176946
0.02061763772379757
0.014592937970638875
0.004513730033564496
-0.005964288592182316
-0.013753739209943378
-0.016951485241323963
-0.014813705530330562
-0.007884922781922862
0.002117394747098669
0.01225004234619287
0.018974038083616872
0.019500450596382397
0.013407372019938066
0.001112778600947568
-0.016473002040839818
-0.036409684204294475
-0.05466470037807338
-0.06834802979198562
-0.07548513114163691
-0.07509386054206416
-0.06768397570726364
-0.05543227651488365
-0.04112386795881483
-0.027702883487944897
-0.017518476096190814
-0.011693457143186044
-0.00994475671906631
-0.011193587059661262
-0.01394134928948844
-0.014839495595173682
-0.011400532493097158
-0.004235807447338603
0.006066490923114114
0.01963191291320428
0.03291827760355083
0.04118056252189256
0.04191779740594622
0.03535236143750113
0.023684579243294087
0.009653423134670758
-0.0040993248454569515
-0.013802630561946312
-0.016394591692252537
-0.012102299357160123
-0.004116337736789221
0.004642441903490148
0.012011990961760153
0.015753511444983662
0.0146230654367907
0.00822945634066402
-0.0018540458292700172
-0.013086786672214154
-0.023870935382176443
-0.03226659436294058
-0.03625007194741507
-0.0351309072939056
-0.02929011746751677
-0.019379398042701404
-0.007133105184654067
0.00489299980430303
0.014562646053252597
0.020511418671464256
0.022489762910655287
0.021414305283982613
0.019642631022409766
0.01950341894116428
0.022771106082557807
0.02956442623786555
0.03932063961663128
0.0506381530152956
0.06018347824227942
0.06577198342989361
0.06816914796170916
0.06694637080793246
0.06192723690680383
0.055193863337735134
0.049118500270522274
0.04441572943167297
0.040853859588247
0.03830094740356168
0.03580308115832871
0.03203420832353478
0.026052615350207125
0.018184635156713803
0.009726649158091905
0.0027755483215284754
-0.0009807999072495037
-0.0008620180139882219
0.0022850318130913047
0.007092720072753225
0.012537231759480202
0.01678360930991328
0.017983289287811035
0.01503849803398549
0.007751343155457395
-0.0019268841589059386
-0.011247642180426027
-0.018475294491048094
-0.022947685595551923
-0.024325075688680656
-0.022626175209634208
-0.019694622280182143
-0.016607884943338324
-0.013507827056503798
-0.011752260793345645
-0.012446993255854874
-0.015004283954657504
-0.018799588214108924
-0.023545996188020384
-0.02757512543517908
-0.029181559096373353
-0.02832415558402389
-0.025732564468995186
-0.021822292351537535
-0.01701132904554148
-0.012735292714974764
-0.010586108310872035
-0.01127278677417392
-0.014329836551918076
-0.018484413311998526
-0.022423419171396005
-0.025807533675501534
-0.028144332270430186
-0.028783977680678457
-0.028308873953062325
-0.0277041908752588
-0.02792453497302177
-0.02908916628157669
-0.03058573418431365
-0.031429438908833165
-0.03089218083715545
-0.029328385269774025
-0.027522377701728214
-0.026290008929702027
-0.0270413290619866
-0.03040126101206578
-0.034079212870611414
-0.03697772754706183
-0.03936056426507566
-0.04050130080926452
-0.039355141485619555
-0.0363821879578939
-0.03277875717624074
-0.02884925248691379
-0.024397561681546758
-0.019076684432881692
-0.012722251732082624
-0.006530888875367342
-0.0014698260763744422
0.0022435049984952707
0.004767441286798018
0.006223944757541322
0.006829112966486482
0.00735354795315771
0.009193905272799929
0.012633674185925274
0.016721278180774662
0.020812948232395902
0.024686930073690598
0.02867757362070638
0.03164992279014542
0.03232677118090787
0.030952781117051454
0.028623604836839706
0.026440929938840584
0.02478720832517929
0.023224473468260086
0.02170416702982981
0.02080896028996041
0.019852766809794056
0.01775707428097809
0.014661427798507768
0.011470428379020627
0.008895940192375053
0.007191756717421799
0.00764586824495998
0.010618266749769357
0.014996830202455912
0.019710627496575303
0.024586018684949255
0.028776774716609405
0.03170729982584614
0.033268723184170575
0.03287646998847196
0.030675553337291123
0.027721996832669224
0.024585578777897094
0.02156909911969254
0.019460127153694478
0.018925393408465618
0.02042597392132324
0.023758767306436782
0.0273511140748878
0.02940325169425884
0.028129305538882023
0.02355496289157894
0.018181806595481208
0.014210971199655309
0.013054278774443618
0.016169396283073196
0.02349306344693076
0.03317806944117826
0.041971572959612416
0.04598619760789234
0.04330346350744881
0.03440331336347176
0.021258286286576007
0.006251070988664376
-0.007093616331980995
-0.015547351266192277
-0.017995676577046225
-0.017022844743234063
-0.016155282255876254
-0.0169827063081849
-0.019798913141791497
-0.0239951495108398
-0.028171203602139837
-0.03168241835407337
-0.032948059722110304
-0.030229368359253585
-0.025125537961100702
-0.0204487298608907
-0.01659618012672612
-0.014024742510479655
-0.014010332471060693
-0.01597252348774756
-0.018659434649546194
-0.02184512640544136
-0.0246941165926362
-0.025968095638259903
-0.02501618611275105
-0.021459517039614656
-0.015672868670888677
-0.009003713308873952
-0.0038362300047855304
-0.0013907155766564759
-0.0010648147539069502
-0.0024964663540996868
-0.00569659076145855
-0.009460957632428468
-0.012327630438607885
-0.013120758185971321
-0.011988030416900322
-0.01047646456158123
-0.008442737257907226
-0.006005639855085572
-0.003868450112895772
-0.0013233514174874153
0.0020592427349555896
0.005942782481996701
0.009261979861301827
0.010779449515937789
0.010358520136231402
0.007687494963680944
0.002300403481103731
-0.004915953085351835
-0.012178629397631572
-0.01768986717273793
-0.01963641476574744
-0.017121474371097366
-0.01120826844361707
-0.002990466761938748
0.005507488286960826
0.011550507907637607
0.01444377658970897
0.014740413726415635
0.01369577426107949
0.013374313210532113
0.015076889174668586
0.018840635242228444
0.023689455222395624
0.028561890399830283
0.03218436052315227
0.03441666680370936
0.036502405921560045
0.03959843064186961
0.04426459874721049
0.05079516283138979
0.05824476263931075
0.06425339961814422
0.06727926121927433
0.0671901286502007
0.06481290383056261
0.06121080510390851
0.05731141965817166
0.05429879638141503
0.05303005510760866
0.052369002257915444
0.050680005854463944
0.04715963939133309
0.041840053084858476
0.03490439627485063
0.02651456709034786
0.018340374587021833
0.012626574003877757
0.010126804235605994
0.010354597974289692
0.01178350241661089
0.013172441097679097
0.014164308161879215
0.014565133378173702
0.013719706026973292
0.01102969084812435
0.00878375978279281
0.008022367012397977
0.0063450548691543745
0.003655976651213732
0.002414932665442053
0.0031212194716839638
0.004609124083389931
0.005590622497257775
0.005584874926613636
0.004884641570311947
0.003017611904953764
-0.0011632708857179034
-0.007896648154939373
-0.016057507774432107
-0.02437613779697837
-0.0323779155148228
-0.04000470330530536
-0.046746126762300534
-0.050363108325672645
-0.050276648089158875
-0.04824094737067144
-0.046222801821461865
-0.04481859384327468
-0.0439093840807916
-0.04389959923234163
-0.04469085634691316
-0.045594474767424835
-0.045181578830521485
-0.042532845022801156
-0.037955776596287016
-0.03215589401446842
-0.025809338527799656
-0.01981347940988319
-0.015125718857458602
-0.01295423486596402
-0.013265360156426013
-0.014514169940616658
-0.015411592660870306
-0.016164906764372624
-0.01714300926024901
-0.018412441229240083
-0.020587099129559614
-0.023688250617103255
-0.027020406753683293
-0.029642265118413107
-0.03027736345202875
-0.02848595093104066
-0.02518019744015208
-0.02058919177151803
-0.015426084925906495
-0.01222659982272157
-0.011953396986924481
-0.014282396482059192
-0.018718620648825898
-0.024457800168726965
-0.030258324110359933
-0.03481802237523496
-0.03729937360524796
-0.03722840056373883
-0.03517701942004627
-0.03127668426843046
-0.02600529039621236
-0.020393219346701023
-0.015102383227289694
-0.010455258574898492
-0.005659021876947719
-0.00015568154347350607
0.004973638467117153
0.008694581989629704
0.011592664981589682
0.014509051395944302
0.017417844274548046
0.019724762080176553
0.021342070079249046
0.022208884313490097
0.021930776719625445
0.02081680050256297
0.019375352542333857
0.01722218019579564
0.014776778005634096
0.012395437793853797
0.009896482059192576
0.007444621046797887
0.004969329844774479
0.0013229616680617612
-0.0035549678251159786
-0.008450347238781547
-0.01284404842759952
-0.016599008687958713
-0.018820765421825637
-0.01940603503140196
-0.018925212512107718
-0.01752538715931871
-0.015885787795416086
-0.014485160742859115
-0.013364298130353914
-0.012201249664930608
-0.010568376356517119
-0.008148089981137443
-0.004791381275253542
6.051509415655428e-05
0.005821026899288419
0.01181463303529288
0.017397135752849527
0.021876150130820952
0.024439188400267726
0.024954891026389488
0.023579634688027783
0.02169412728196644
0.020633396263339047
0.020283143912919778
0.02250480197604603
0.02808993180207307
0.03588802433220464
0.04423368191513329
0.05173298710866772
0.05723663545930407
0.058882257849668544
0.056074993051935335
0.049251911334472424
0.03909310077736098
0.0276475990942026
0.01745057829276595
0.010090781192699022
0.00587015670558131
0.004307549298368808
0.005073217800859422
0.006482318203271592
0.0059811283985903236
0.003770730311487083
-0.000668930063823524
-0.008174118500270522
-0.017550663314054162
-0.025704163740805117
-0.03192285839268652
-0.03422894160830018
-0.0329726081801333
-0.027764832267963415
-0.02000445662845368
-0.012961544723335465
-0.00904587860538775
-0.008593835052122818
-0.009979048912730663
-0.01177182226768385
-0.013177789874079688
-0.013703347240426059
-0.013017811713203624
-0.010716801818172847
-0.006410432457411241
-0.000510413052165576
0.005654330905484942
0.01095694584456398
0.015585713627909347
0.01978219256252847
0.023339202871976356
0.02656644734353698
0.029345303190518396
0.031555885463004224
0.03304408279790751
0.033411224290105124
0.03302547925201
0.03237706447968452
0.03088711573913429
0.0285648546333313
0.026868552483789217
0.02668109041035516
0.027988428388887696
0.030977017117728992
0.03557707171553883
0.04111761881190561
0.04559274802946307
0.04638963759881463
0.04324845456952422
0.037046821733217335
0.028623419829200945
0.01924594586594264
0.010813758154725588
0.004922687363402693
0.0020618546316867924
0.002031293425404098
0.0037567494897900447
0.005292521744564475
0.0052462945025596825
0.003418912796443906
0.0003216539929581981
-0.0036105363083657983
-0.007383728865960731
-0.010839634556466797
-0.01497255308896976
-0.018386248258872553
-0.019617930446994898
-0.019421789459662577
-0.0178785502965878
-0.014562604940443983
-0.010660929511267375
-0.006938518261487329
-0.0036507043446371624
-0.0018171997079346074
-0.0020807101991011092
-0.004122496435519493
-0.007865817659760263
-0.012688103433248419
-0.017070658939651328
-0.019741022195983112
-0.01948796463640654
-0.015763148287322615
-0.009420852087626195
-0.002292408684340789
0.00374382937855523
0.00673988172667218
0.005521071958926659
0.0006393868106820943
-0.006145443960775091
-0.013149380923327899
-0.018712786741283672
-0.02124154515090867
-0.019783154602250018
-0.014896568396090664
-0.008829621120800941
-0.0036463546094858755
-0.001043865311149958
-0.002202215815933022
-0.0073096189171544005
-0.015392791773491446
-0.02431120833833539
-0.03147347072685801
-0.03588385960469212
-0.03710623385294441
-0.03479490875423256
-0.029903167001873097
-0.02387107927700659
-0.01764104571250964
-0.011974533081832578
-0.007996391939916097
-0.006800202439469612
-0.007420759172678729
-0.009226483062345105
-0.012406336799417184
-0.01631369401874415
-0.019529246007535153
-0.02106212474283938
-0.020421332285230798
-0.016939714644217976
-0.010449589118590718
-0.002218860747628202
0.00555446378208238
0.010725624626901261
0.011509728112774077
0.0076772126502467584
0.0008378181925822625
-0.006287427045321115
-0.011315749659174815
-0.012424212648602245
-0.008520995489102639
-0.0007284424988036172
0.0083654904018037
0.01616931405745597
0.02035817067735819
0.019716572408700783
0.014795751566809135
0.0073603192327363195
-0.00036733727139222767
-0.005785723330532179
-0.0073425132753259
-0.005077102961273379
5.676149473016019e-05
0.006103841909739295
0.011305516681110966
0.014067088703351351
0.014383994454704374
0.012810853945925144
0.009399424091776944
0.0046792173107947435
-0.00030748627243320397
-0.004185296250676305
-0.005638486029045376
-0.004656901278279445
-0.0019517253401262656
0.0016293075945224582
0.004867604422422596
0.006206952833741446
0.004991374532752929
0.0014124942647631984
-0.003878137935117409
-0.010163665979808677
-0.016270414565116933
-0.021070067737463467
-0.02410932800292065
-0.025403863452851005
-0.025244612988687395
-0.024450120296077998
-0.02389599363902625
-0.02428580062261237
-0.02594958254054134
-0.02840710067540122
-0.030588932760823768
-0.03183925960765224
-0.03209790439791936
-0.031007744830886568
-0.02793251496917361
-0.0229337812436789
-0.01743711795922596
-0.012687827977430712
-0.008557495440589523
-0.005069513536803363
-0.002883500689872928
-0.0018694590212191425
-0.0010853374457105362
-0.00015084675940619946
0.0008386223591187387
0.0019032570389239624
0.0026740399748060705
0.0027291430610623876
0.00249247594489568
0.002403704757409761
0.0017441796596846153
0.00042461514299857087
-0.00048778250666438625
-0.0004103068577809279
0.00040487084000046046
0.0014365530692356141
0.003092894391061746
0.006133175898684883
0.010165047370178083
0.014292777466234047
0.01786497484718369
0.020872204123450252
0.023715426183596643
0.025852548089652233
0.026468208287355507
0.026000027956709856
0.025268816099118047
0.02378209471404397
0.021372493557622888
0.01935374365012671
0.017764906271018923
0.01587646341042259
0.013730547474604617
0.011755952723559119
0.010393141232364659
0.009202851419954182
0.007379124231396042
0.005068580276047841
0.0029586146134655956
0.0014300000986707405
0.0006787075119679385
0.0008089097212058222
0.0017327013746478684
0.0029260039336735278
0.003886601417898543
0.004334071171205246
0.004238039872846305
0.003742771134861523
0.0027740933392316506
0.001351389530705512
-3.461623248799917e-05
-0.0007589395691048753
-0.0006389752714678752
-0.0001128552763356318
0.0005128613199184979
0.0010684520040849684
0.0010086780916420948
-4.540601365274148e-05
-0.001974206235004103
-0.003979594479700962
-0.005245866929350105
-0.0060078476129081055
-0.006576059518190773
-0.00679188120700628
-0.0065734694112481356
-0.005824574934671746
-0.004621034464045204
-0.0033071685937610487
-0.0018476342867667734
-0.00034229340402543726
0.001009686588837379
0.0021811228894739695
0.003242808958645448
0.0043191760006446485
0.005520553937538131
0.006596110234951478
0.00742747289432528
0.00842558910543462
0.009676031068127212
0.010815608231113185
0.011529067577945773
0.011689789880657738
0.011192283783628222
0.010072428434934045
0.00854805182845105
0.0068595364448603225
0.00516818838875614
0.0037383272513785122
0.002753351927286242
0.00226532973294764
0.002182138375846718
0.002267559280558739
0.0022885148902370236
0.0022091536023865163
0.0019994457993398923
0.0015863007188163455
0.0008442650921009137
-0.00017617253730165124
-0.001150858928797549
-0.0018057181338731717
-0.002063617137792045
-0.001982154985421398
-0.0014876497122925652
-0.00065627883035704
0.00018479989573791733
0.0007371855486833211
0.0008031448831820656
0.00043823334972363965
-0.00025006791835982913
-0.0011716303530932455
-0.00216256744556253
-0.003006843226993683
-0.003482767566269736
-0.003605098728298604
-0.0035605632783682487
-0.00348707289958772
-0.003404164809738144
-0.003302887517000146
-0.003195693268846522
-0.00312722358625385
-0.0031208724795792676
-0.003134209063565335
-0.003166095746797723
-0.0031657688999692474
-0.0030574271933272263
-0.002831280433756576
-0.0025438821674014893
-0.002240537887097649
-0.001909399292530789
-0.001493724952021352
-0.0010398288556003044
-0.0006065282206540883
-0.00024918748756337536
-1.9535939172777398e-05
7.545890116974162e-05
0.0001328495040973025
0.0002666452605976487
0.000521434985026715
0.000878283885587987
0.0012545104862329646
0.0015848773933821532
0.0018042393061473514
0.0018570055403620885
0.0017485602294423622
0.0015367906190437816
0.001299578758162948
0.0010955959137157261
0.0009485633540158168
0.000862859593180536
0.0008006744145124925
0.00071946058350587
0.0005468591458731785
0.00024618760925728886
-0.00013818076644142328
-0.0005401877704194986
-0.0009137025702083432
-0.0012201212663402856
-0.0014104595918649262
-0.0014830935908420396
-0.0014758470471958596
-0.0014407905664193866
-0.0014220776604509581
-0.0014279641923882098
-0.0014327546568478316
-0.0014242307382380365
-0.0014113246053581502
-0.0013865853839031843
-0.0013209705747406191
-0.0012273336863553165
-0.0011411567170928967
-0.0010750765109368294
-0.0010297397723666012
-0.0009977568851620583
-0.0009690264322469135
-0.0009279757039746218
-0.0008706401922106027
-0.0008102730219394391
-0.0007648367903723668
-0.0007414481246803479
-0.0007431086710202389
-0.0007652581966606531
-0.0008006744145124925
-0.0008409641446973521
-0.0008778345225898438
-0.0009080084462154014
-0.0009266514604091874
-0.0009313794333997167
-0.0009239104694589389
-0.0009024331382393522
-0.0008662715451673537
-0.0008261059756645063
-0.0007879796014688784
-0.0007514570379372551
-0.0007163989126484378
-0.0006811685246915306
-0.0006451508264496786
-0.0006089119412974873
-0.0005707921451512376
-0.0005297710181011473
-0.00048725544045796374
-0.00044626309237390287
-0.0004070592748029463
-0.00036985604761192135
-0.000336372460667376
-0.0003072065819962077
-0.00028140381329522446
-0.00025820159419026676
-0.000236867253319037
-0.00021620218785922313
-0.00019582852998686033
-0.00017632009117176436
-0.00015771144728597903
-0.0001394899216060965
-0.00012127250720707533
-0.00010267229144705573
-8.350994025486652e-05
-6.378311020041671e-05
-4.366801078142293e-05
-2.3485293126102848e-05
-3.5491380288546134e-06
1.5974024105261942e-05
3.510887082848887e-05
5.406042431707513e-05
7.286562854084063e-05
9.153351598383773e-05
0.00011019383867004996
0.00012895052977965178
0.00014777131575788172
0.0001665430952682446
0.00018516596418581015
0.00020357755437991194
0.0002217410287740325
0.00023963315863130525
0.0002572411167554429
0.00027455811953302426
0.0002915791512013985
0.0003083004293821731
